9.0
8.0
10.0
8.0
9.0
10.0
9.0
10.0
12.0
8.0
10.0
10.0
12.0
10.0
11.0
10.0
10.0
8.0
10.0
9.0
9.0
10.0
10.0
12.0
9.0
9.0
9.0
10.0
10.0
10.0
9.0
12.0
11.0
9.0
11.0
10.0
10.0
8.0
10.0
11.0
10.0
10.0
9.0
9.0
8.0
10.0
8.0
10.0
9.0
9.0
11.0
9.0
12.0
8.0
14.0
10.0
11.0
9.0
11.0
10.0
9.0
10.0
10.0
8.0
9.0
9.0
9.0
10.0
10.0
8.0
10.0
9.0
8.0
9.0
12.0
9.0
10.0
9.0
10.0
10.0
9.0
9.0
10.0
9.0
9.0
10.0
10.0
10.0
8.0
12.0
9.0
9.0
9.0
9.0
11.0
10.0
10.0
9.0
9.0
9.0
11.0
10.0
11.0
10.0
11.0
9.0
12.0
11.0
10.0
10.0
10.0
19.0
10.0
10.0
14.0
15.0
12.0
12.0
13.0
11.0
10.0
11.0
12.0
11.0
11.0
11.0
12.0
10.0
11.0
9.0
13.0
12.0
10.0
10.0
11.0
10.0
10.0
11.0
10.0
9.0
11.0
12.0
11.0
9.0
11.0
9.0
8.0
9.0
11.0
10.0
12.0
10.0
11.0
14.0
12.0
11.0
10.0
9.0
10.0
10.0
10.0
14.0
13.0
10.0
9.0
9.0
10.0
10.0
10.0
9.0
8.0
10.0
9.0
8.0
10.0
11.0
10.0
10.0
8.0
10.0
10.0
8.0
9.0
9.0
8.0
10.0
9.0
9.0
9.0
10.0
8.0
10.0
9.0
8.0
8.0
8.0
9.0
9.0
8.0
10.0
10.0
10.0
10.0
10.0
9.0
13.0
11.0
11.0
10.0
10.0
12.0
11.0
10.0
11.0
11.0
12.0
9.0
12.0
10.0
9.0
9.0
11.0
10.0
9.0
12.0
10.0
8.0
10.0
10.0
10.0
9.0
10.0
8.0
13.0
11.0
10.0
9.0
9.0
9.0
11.0
11.0
12.0
11.0
13.0
15.0
13.0
12.0
12.0
38.0
35.0
40.0
47.0
43.0
66.0
86.0
131.0
62.0
50.0
46.0
70.0
62.0
85.0
115.0
197.0
200.0
200.0
200.0
200.0
200.0
200.0
200.0
200.0
200.0
175.0
160.0
142.0
200.0
16.0
97.0
154.0
158.0
109.0
97.0
117.0
91.0
101.0
20.0
94.0
99.0
102.0
94.0
93.0
109.0
100.0
108.0
106.0
117.0
200.0
127.0
200.0
193.0
195.0
128.0
149.0
85.0
123.0
135.0
113.0
75.0
14.0
91.0
79.0
79.0
109.0
112.0
86.0
108.0
151.0
200.0
200.0
200.0
200.0
200.0
200.0
200.0
177.0
145.0
149.0
200.0
200.0
200.0
200.0
177.0
191.0
200.0
186.0
200.0
200.0
200.0
200.0
198.0
200.0
200.0
200.0
200.0
200.0
194.0
173.0
192.0
158.0
108.0
192.0
170.0
200.0
200.0
102.0
200.0
170.0
27.0
200.0
200.0
184.0
163.0
200.0
126.0
193.0
200.0
200.0
200.0
200.0
200.0
200.0
200.0
179.0
200.0
189.0
200.0
200.0
200.0
200.0
144.0
200.0
140.0
92.0
138.0
164.0
135.0
168.0
200.0
200.0
178.0
200.0
200.0
200.0
171.0
131.0
200.0
200.0
174.0
140.0
175.0
171.0
157.0
158.0
200.0
200.0
180.0
60.0
189.0
183.0
200.0
172.0
200.0
182.0
160.0
157.0
139.0
118.0
169.0
160.0
200.0
127.0
196.0
142.0
200.0
182.0
200.0
147.0
155.0
170.0
172.0
179.0
178.0
200.0
200.0
200.0
200.0
200.0
200.0
200.0
200.0
200.0
200.0
174.0
151.0
200.0
200.0
200.0
143.0
200.0
200.0
137.0
168.0
134.0
148.0
122.0
124.0
200.0
189.0
191.0
147.0
193.0
156.0
200.0
200.0
200.0
200.0
200.0
200.0
200.0
200.0
200.0
198.0
200.0
200.0
200.0
200.0
97.0
103.0
111.0
122.0
107.0
155.0
178.0
200.0
200.0
200.0
200.0
200.0
200.0
200.0
200.0
200.0
200.0
200.0
200.0
177.0
127.0
155.0
159.0
152.0
181.0
167.0
200.0
200.0
200.0
23.0
135.0
19.0
131.0
175.0
200.0
200.0
200.0
200.0
132.0
165.0
200.0
200.0
135.0
200.0
161.0
200.0
200.0
160.0
200.0
200.0
200.0
200.0
114.0
200.0
200.0
200.0
200.0
200.0
200.0
200.0
200.0
200.0
154.0
171.0
195.0
200.0
165.0
200.0
200.0
128.0
200.0
200.0
141.0
200.0
139.0
200.0
59.0
200.0
200.0
200.0
136.0
200.0
200.0
200.0
200.0
200.0
200.0
144.0
200.0
200.0
200.0
200.0
200.0
86.0
51.0
200.0
200.0
200.0
200.0
195.0
200.0
200.0
200.0
200.0
200.0
200.0
200.0
200.0
190.0
122.0
108.0
200.0
200.0
200.0
200.0
200.0
200.0
200.0
198.0
200.0
200.0
200.0
200.0
200.0
188.0
200.0
200.0
188.0
200.0
200.0
200.0
188.0
200.0
200.0
200.0
200.0
156.0
192.0
200.0
197.0
200.0
200.0
200.0
200.0
200.0
148.0
200.0
200.0
187.0
200.0
160.0
200.0
200.0
200.0
200.0
200.0
200.0
200.0
200.0
200.0
200.0
