9.0
8.94
9.003599999999999
8.943383999999998
8.946780959999998
9.009974102399998
9.009375656255997
9.068813116880637
9.244684329867798
9.17000327007573
9.219803073871185
9.266614889438914
9.430617996072579
9.464780916308223
9.556894061329729
9.583480417649945
9.608471592590947
9.51196329703549
9.541245499213359
9.508770769260558
9.478244523104923
9.509549851718626
9.538976860615508
9.686638248978577
9.645439954039862
9.60671355679747
9.57031074338962
9.596092098786242
9.620326572859067
9.643106978487522
9.604520559778269
9.748249326191573
9.823354366620078
9.773953104622873
9.8475159183455
9.85666496324477
9.865265065450082
9.753349161523078
9.768148211831692
9.84205931912179
9.851535759974482
9.860443614376011
9.80881699751345
9.760287977662642
9.654670699002883
9.67539045706271
9.574867029638947
9.60037500786061
9.564352507388971
9.530491356945632
9.618661875528893
9.58154216299716
9.72664963321733
9.62305065522429
9.885667615910831
9.89252755895618
9.958975905418809
9.90143735109368
9.967351110028059
9.969310043426374
9.911151440820792
9.916482354371544
9.92149341310925
9.806203808322694
9.757831579823332
9.712361685033933
9.669619983931895
9.68944278489598
9.70807621780222
9.605591644734087
9.629256146050041
9.591500777287038
9.496010730649816
9.466250086810827
9.618275081602178
9.581178576706048
9.606307862103684
9.569929390377464
9.595733626954814
9.619989609337525
9.582790232777274
9.547822818810637
9.574953449681997
9.540456242701076
9.50802886813901
9.53754713605067
9.565294307887628
9.59137664941437
9.495894050449508
9.646140407422537
9.607371982977185
9.570929663998552
9.536673884158638
9.50447345110912
9.594205044042573
9.618552741400018
9.641439576916015
9.602953202301055
9.566776010162993
9.532769449553214
9.62080328258002
9.643555085625218
9.724941780487704
9.74144527365844
9.816958557238934
9.767941043804598
9.901864581176323
9.967752706305744
9.969687543927398
9.971506291291753
9.973215913814247
10.514822958985393
10.48393358144627
10.454897566559492
10.66760371256592
10.927547489811966
10.991894640423247
11.052380961997853
11.16923810427798
11.159083818021301
11.089538788940022
11.08416646160362
11.139116473907404
11.130769485472959
11.12292331634458
11.115547917363905
11.16861504232207
11.098498139782745
11.09258825139578
10.967032956312032
11.08901097893331
11.14367032019731
11.075050100985472
11.010547094926343
11.009914269230762
10.949319413076916
10.8923602482923
10.898818633394763
10.844889515391076
10.73419614446761
10.750144375799554
10.82513571325158
10.835627570456484
10.725489916229094
10.741960521255347
10.637442889980026
10.479196316581223
10.390444537586351
10.42701786533117
10.401396793411298
10.49731298580662
10.46747420665822
10.499425754258727
10.709460209003202
10.78689259646301
10.79967904067523
10.751698298234714
10.64659640034063
10.607800616320192
10.57133257934098
10.537052624580522
10.74482946710569
10.880139699079347
10.827331317134586
10.71769143810651
10.614629951820117
10.57775215471091
10.543087025428253
10.510501803902557
10.419871695668402
10.274679393928297
10.258198630292599
10.182706712475042
10.051744309726539
10.048639651142945
10.105721272074367
10.099377995749904
10.09341531600491
9.967810397044614
9.969741773221937
9.97155726682862
9.853263830818904
9.802068000969768
9.753943920911581
9.648707285656887
9.669784848517473
9.629597757606426
9.59182189215004
9.55631257862104
9.582933823903776
9.48795779446955
9.518680326801375
9.487559507193293
9.398305936761695
9.314407580555994
9.235543125722634
9.221410538179274
9.208125905888519
9.135638351535208
9.187500050443095
9.236250047416508
9.282075044571517
9.325150541897225
9.36564150938339
9.343703018820388
9.563080837691164
9.649295987429694
9.730338228183912
9.746517934492877
9.761726858423303
9.896023246917906
9.96226185210283
9.96452614097666
10.02665457251806
10.085055298166976
10.199951980276957
10.127954861460339
10.240277569772719
10.225860915586354
10.152309260651172
10.083170705012101
10.138180462711375
10.129889634948691
10.06209625685177
10.178370481440664
10.167668252554224
10.037608157400971
10.035351667956911
10.033230567879496
10.031236733806725
9.969362529778323
9.971200777991623
9.852928731312126
10.041753007433398
10.099247826987394
10.09329295736815
10.027695379926058
9.966033657130495
9.908071637702665
9.973587339440504
10.035172099074074
10.15306177312963
10.203878066741852
10.37164538273734
10.6493466597731
10.790385860186712
10.862962708575509
10.931184946060979
12.555313849297319
13.901995018339479
15.467875317239109
17.35980279820476
18.898214630312474
21.724321752493726
25.580862447344103
31.906010700503455
33.711650058473246
34.688951054964846
35.36761399166695
37.445557152166934
38.918823723036915
41.6836942996547
46.08267264167541
55.137712283174885
63.82944954618439
71.99968257341332
79.67970161900853
86.89891952186801
93.68498435055592
100.06388528952256
106.0600521721512
111.69644904182212
116.99466209931279
120.47498237335402
122.84648343095277
123.99569442509559
128.55595275958984
121.80259559401443
120.31443985837356
122.33557346687114
124.47543905885887
123.54691271532734
121.95409795240768
121.6568520752632
119.8174409507474
118.68839449370255
112.76709082408038
111.64106537463556
110.88260145215742
110.34964536502797
109.36866664312629
108.38654664453871
108.42335384586639
107.9179526151144
107.92287545820754
107.80750293071509
108.35905275487217
113.85750958957983
114.64605901420504
119.76729547335273
124.16125774495156
128.41158228025446
128.38688734343918
129.62367410283284
126.94625365666285
126.70947843726306
127.20690973102727
126.35449514716562
123.27322543833567
116.71683191203553
115.17382199731338
113.00339267747457
110.96318911682609
110.84539776981651
110.91467390362752
109.41979346940985
109.33460586124527
111.83452950957054
117.1244577389963
122.09699027465652
126.77117085817713
131.1649006066865
135.2950065702853
139.17730617606816
142.82666780550406
144.8770677371738
144.88444367294335
145.13137705256673
148.42349442941273
151.51808476364795
154.42699967782906
157.1613796971593
158.35169691532974
160.31059510040996
162.69195939438535
164.09044183072223
166.24501532087888
168.27031440162614
170.17409553752856
171.96364980527684
173.52583081696022
175.1142809679426
176.60742410986603
178.01097866327407
179.33031994347763
180.57050074686896
181.3762707020568
180.87369445993338
181.54127279233737
180.12879642479712
175.80106863930928
176.77300452095074
176.36662424969367
177.78462679471204
179.1175491870293
174.49049623580754
176.02106646165907
175.6598024739595
166.74021432552192
168.7358014659906
170.61165337803115
171.41495417534927
170.9100569248283
172.6554535093386
169.85612629877826
171.24475872085156
172.97007319760047
174.59186880574444
176.11635667739975
177.54937527675577
178.8964127601504
180.16262799454137
181.35287031486888
181.21169809597674
182.33899621021814
182.73865643760504
183.77433705134874
184.7478768282678
185.66300421857173
186.52322396545742
183.97183052752996
184.93352069587814
182.23750945412544
176.8232588868779
174.49386335366523
173.86423155244532
171.5323776592986
171.32043499974068
173.04120889975624
174.65873636577086
174.8592121838246
176.36765945279512
177.78559988562742
179.11846389248976
178.63135605894036
175.77347469540393
177.22706621367968
178.59344224085888
178.31783570640732
176.01876556402289
175.9576396301815
175.6601812523706
174.54057037722833
173.5481361545946
175.13524798531893
176.62713310619978
176.8295051198278
169.8197348126381
170.97055072387982
171.69231768044702
173.3907786196202
173.30733190244297
174.90889198829638
175.33435846899857
174.41429696085865
173.3694391432071
171.30727279461468
168.10883642693778
168.1623062413215
167.67256786684217
169.61221379483163
167.05548096714173
168.7921521091132
167.18462298256642
169.15354560361243
169.92433286739566
171.7288728953519
170.2451405216308
169.33043209033295
169.37060616491294
169.52836979501814
170.09666760731704
170.570867550878
172.3366154978253
173.99641856795577
175.55663345387842
177.0232354466457
178.40184131984697
179.69773084065613
180.91586699021676
182.06091497080374
183.1372600725555
184.14902446820216
183.54008300011
181.5876780201034
182.69241733889717
183.73087229856333
184.70701996064952
182.20459876301055
183.27232283722992
184.2759834669961
181.43942445897633
180.63305899143776
177.83507545195147
176.04497092483436
172.8022726693443
169.87413630918363
171.6816881306326
172.72078684279464
173.81753963222695
172.20848725429332
173.4559780190357
172.40861933789358
174.06410217761996
175.62025604696274
177.08304068414498
178.45805824309627
179.7505747485105
180.96554026359985
182.10760784778384
183.1811513769168
184.1902822943018
185.0188653566437
185.91773343524505
186.76266942913034
187.55690926338252
188.30349470757957
182.82528502512477
178.03576792361727
174.01362184820022
170.8928045373082
167.05923626506967
166.3356820891655
167.03554116381557
169.01340869398663
170.87260417234742
172.62024792200657
174.26303304668616
175.807251063885
177.2588160000519
178.62328704004878
179.90588981764586
181.1115364285871
182.24484424287186
183.31015358829953
184.31154437300154
183.87285171062143
180.46048060798415
178.9328517715051
177.73688066521478
176.1926678253019
176.4811077557838
175.91224129043678
177.35750681301056
178.7160564042299
179.9930930199761
170.5735074387775
168.43909699245086
159.47275117290377
157.76438610252956
158.79852293637776
161.27061156019508
163.59437486658337
165.77871237458837
167.83198963211305
165.68207025418624
165.64114603893506
167.70267727659896
169.64051664000303
167.56208564160283
169.50836050310664
168.99785887292023
170.857987340545
172.6065081001123
171.85011761410556
173.53911055725922
175.12676392382366
176.61915808839424
178.02200860309057
174.18068808690512
175.7298468016908
177.18605599358935
178.554892633974
179.84159907593553
181.0511031313794
182.18803694349663
183.2567547268868
184.2613494432736
185.20566847667718
183.33332836807654
182.59332866599192
183.33772894603237
184.33746520927042
183.1772172967142
184.18658425891132
185.13538920337663
181.70726585117404
182.80482990010358
183.83654010609735
181.2663476997315
182.39036683774762
179.78694482748276
180.99972813783378
173.67974444956374
175.2589597825899
176.7434221956345
178.13881686389644
175.61048785206265
177.0738585809389
178.44942706608254
179.7424614421176
180.9579137555905
182.10043893025508
183.17441259443976
180.82394783877334
181.97451096844694
183.0560403103401
184.07267789171968
185.0283172182165
185.9266181851235
179.93102109401607
172.1951598283751
173.86345023867258
175.43164322435223
176.9057446308911
178.29139995303763
179.29391595585534
180.536280998504
181.70410413859375
182.80185789027811
183.83374641686143
184.80372163184973
185.71549833393874
186.5725684339024
187.37821432786825
187.53552146819615
183.60339018010436
179.06718676929808
180.32315556314018
181.50376622935175
182.61354025559064
183.6567278402552
184.63732416983987
185.55908471964946
186.4255396364705
187.12000725828224
187.8928068227853
188.61923841341817
189.3020841086131
189.9439590620963
190.54732151837052
190.39448222726827
190.97081329363218
191.51256449601425
191.3018106262534
191.82370198867818
192.31427986935748
192.77542307719602
192.48889769256425
192.9395638310104
193.36319000114975
193.76139860108074
194.1357146850159
191.84757180391495
191.85671749568004
192.34531444593924
192.62459557918285
193.06711984443186
193.48309265376594
193.87410709453997
194.24166066886755
194.5871610287355
191.79193136701136
192.28441548499066
192.74735055589122
192.40250952253774
192.85835895118547
190.88685741411433
191.43364596926747
191.9476272111114
192.4307695784447
192.88492340373801
193.31182799951372
193.7131183195429
194.0903312203703
194.44491134714806
194.77821666631917
195.09152366634
