-500.0
-500.0
-492.02
-478.87879999999996
-472.46607199999994
-474.1181076799999
-469.79102121919993
-456.60355994604794
-436.40734634928504
-433.32290556832794
-425.02353123422824
-429.52211936017454
-433.75079219856406
-430.2857446666502
-427.92859998665114
-427.152883987452
-428.2237109482049
-432.53028829131256
-421.6384709938338
-414.5201627342037
-405.96895297015146
-404.35081579194235
-390.2897668444258
-386.67238083376026
-378.1720379837346
-367.9017157047105
-356.02761276242785
-354.10595599668216
-343.1195986368812
-340.4724227186683
-335.2240773555482
-331.6106327142153
-338.71399475136235
-341.91115506628057
-335.43648576230373
-332.1702966165655
-333.2400788195716
-335.0856740903972
-331.9005336449734
-333.10650162627496
-329.3801115286984
-338.6573048369765
-328.23786654675786
-330.62359455395233
-324.9461788807152
-325.24940814787226
-335.7344436589999
-329.3903770394599
-324.0869544170923
-321.98173715206667
-319.82283292294267
-325.9534629475661
-318.2162551707121
-318.74327986046933
-318.0986830688412
-329.0127620847107
-321.091996359628
-311.72647657805027
-305.8628879833672
-297.59111470436517
-298.2156478221033
-293.7627089527771
-295.51694641561045
-287.5659296306738
-279.9719738528334
-277.0936554216634
-274.44803609636364
-270.2811539305818
-271.22428469474687
-269.35082761306205
-276.6497779562783
-273.01079127890154
-277.3901438021674
-273.2267351740374
-275.19313106359516
-270.2015431997794
-266.1694506077926
-263.93928357132506
-264.06292655704556
-259.3791509636228
-267.93640190580544
-265.6602177914571
-270.84060472396965
-275.1101684405314
-272.70355833409957
-269.6613448340536
-262.72166414401033
-276.4183642953697
-275.49326243764756
-281.5836666913887
-278.8486466899054
-281.7377278885111
-278.63346421520043
-283.3354563622884
-282.23532898055106
-275.44120924171796
-268.75473668721486
-265.94945248598196
-265.412485336823
-266.7677362166136
-276.3216720436168
-279.8423717209998
-275.2318294177398
-288.6579196526754
-287.41844447351485
-277.4333378051039
-274.4673375367977
-277.2592972845898
-286.0637394475144
-287.3199150806636
-282.68072017582375
-289.3598769652743
-294.0782843473578
-295.0935872865163
-288.0679720493253
-295.62389372636574
-291.32646010278376
-295.5668724966167
-304.2328601468197
-299.0588885380105
-295.5753552257298
-295.90083391218604
-299.86678387745485
-294.77477684480755
-297.7882902341191
-291.8009928200719
-288.75293325086756
-289.4877572558155
-288.37849182046654
-282.7757823112385
-275.8892353725642
-269.8958812502103
-263.1821283751977
-261.2512006726858
-258.4161286323246
-251.85116091438513
-250.720091259522
-252.71688578395066
-259.0938726369136
-257.0482402786988
-271.6253458619769
-285.32782511025823
-277.3881556036427
-290.74486626742413
-294.36017429137866
-300.45856383389594
-312.43105000386214
-304.6651870036304
-298.8652757834126
-293.71335923640777
-288.6305576822233
-280.2527242212899
-293.4375607680125
-298.1513071219317
-288.06222869461584
-279.89849497293886
-275.64458527456253
-276.1459101580888
-271.15715554860344
-273.48772621568725
-274.178462642746
-277.28775488418125
-275.95048959113035
-267.37346021566253
-270.35105260272275
-275.30998944655937
-265.2713900797658
-260.51510667497985
-256.224200274481
-247.81074825801215
-242.96210336253142
-239.30437716077952
-238.02611453113275
-250.2645476592648
-246.88867479970887
-241.31535431172634
-247.35643305302276
-239.4750470698414
-255.1065442456509
-248.74015159091184
-263.81574249545713
-277.9867979457297
-279.6675900689859
-292.8875346648467
-300.27428258495587
-312.2578256298585
-323.52235609206696
-322.9510147265429
-323.85395384295026
-316.84271661237324
-319.9121536156308
-316.55742439869294
-314.84397893477137
-325.95334019868505
-317.1961397867639
-312.0243713995581
-321.02290911558464
-312.08153456864954
-319.5766424945306
-328.66204394485874
-323.8823213081672
-327.3093820296772
-322.79081910789654
-320.04336996142274
-309.3007677637373
-299.56272169791305
-296.04895839603824
-303.4860208922759
-301.95685963873933
-306.27944806041495
-301.76268117679007
-292.29692030618264
-291.0191050878117
-287.297958782543
-282.0000812555904
-284.4600763802549
-283.5324717974396
-280.0205234895932
-282.4192920802176
-295.47413455540453
-289.02568648208023
-280.8041452931554
-280.51589657556605
-275.20494278103206
-281.67264621417013
-289.43228744131994
-295.10635019484073
-289.6399691831503
-288.58157103216126
-281.10667677023156
-276.12027616401764
-271.25305959417653
-264.03787601852594
-259.8356034574144
-256.5454672499695
-257.7127392149713
-249.929974862073
-244.7741763703486
-242.08772578812767
-233.08246224084002
-233.7975145063896
-230.26966363600621
-246.45348381784584
-249.48627478877506
-248.79709830144856
-257.74927240336166
-271.6243160591599
-271.4668570956103
-270.35884566987363
-272.0173149296812
-268.89627603390034
-262.9024994718663
-261.4683495035543
-258.20024853334104
-254.28823362134057
-269.0309396040601
-261.5890832278165
-256.57373823414747
-259.1793139400986
-259.40855510369266
-255.60404179747107
-250.70779928962278
-248.74533133224543
-254.64061145231068
-262.34217476517205
-259.7416442792617
-263.237145622506
-266.1029168851556
-280.1367418720463
-283.2485373597235
-289.83362511814005
-282.8836076110516
-283.6705911543885
-284.7703556851252
-297.68413434401765
-291.6430862833766
-304.144501106374
-299.63583103999156
-301.51768117759207
-313.4266203069365
-324.6210230885203
-323.5637617032091
-331.1499360010165
-334.5609398409555
-326.0072834504981
-322.9468464434682
-314.5500356568601
-308.2170335174485
-304.60401150640155
-296.52777081601744
-300.2161045670564
-290.363138293033
-284.881349995451
-279.6684689957239
-280.10836085598044
-278.54185920462163
-270.8293476523443
-264.17958679320367
-257.92881158561147
-257.5130828904748
-263.36229791704625
-277.56056004202344
-272.666926439502
-273.3469108531319
-268.8260962019439
-282.69653042982725
-295.7347386040376
-289.03065428779536
-282.60881503052764
-280.47228612869594
-293.64394896097417
-295.22531202331567
-287.5917933019167
-300.3362857038017
-304.63610856157356
-301.83794204787915
-292.7876655250064
-288.66040559350597
-301.34078125789557
-299.3403343824218
-291.9999143194765
-291.3399194603079
-295.6395242926894
-298.781152835128
-292.3142836650203
-304.77542664511907
-316.4889010464119
-312.4395669836272
-305.5131929646095
-317.1824013867329
-305.1114573035289
-298.32476986531714
-291.1652836733981
-285.0953666529942
-275.60964465381454
-265.9730659745856
-260.63468201611045
-260.5966010951438
-254.14080502943517
-268.89235672766904
-262.83881532400886
-258.5884864045683
-255.55317722029417
-252.3399865870765
-251.4795873918519
-266.3908121483408
-261.8673634194403
-273.15532161427393
-273.6260023174175
-271.18844217837244
-273.69713564767005
-287.2753075088098
-284.4987890582812
-279.4288617147843
-286.1831300118972
-281.13214221118335
-271.8242136785123
-266.31476085780156
-259.5758752063334
-263.0213226939534
-254.92004333231617
-250.4248407323772
-246.49935028843453
-240.70938927112843
-241.9868259148607
-257.46761635996904
-272.0195593783709
-265.29838581566867
-264.80048266672856
-265.2324537067248
-259.39850648432133
-273.83459609526204
-287.4045203295463
-282.40024910977354
-278.2962341631871
-291.59846011339584
-286.2825525065921
-290.64559935619656
-285.56686339482474
-296.87285159113526
-309.06048049566715
-309.3568516659271
-303.8754405659714
-309.3429141320131
-305.7223392840923
-308.67899892704673
-304.0182589914239
-315.77716345193846
-316.09053364482213
-327.0651016261328
-324.78119552856475
-323.71432379685086
-325.8914643690398
-321.8779765068974
-316.0652979164836
-324.3413800414946
-329.2408972390049
-339.48644340466456
-349.11725680038467
-358.17022139236155
-354.3800081088198
-343.1372076222906
-340.42897516495316
-335.36323665505597
-333.5414424557526
-320.7289559084074
-323.74521855390293
-319.26050544066874
-312.3448751142286
-312.0841826073749
-302.1191316509324
-300.0119837518764
-293.83126472676383
-281.78138884315797
-271.83450551256846
-262.12443518181436
-255.2169690709055
-249.20395092665117
-243.3117138710521
-237.23301103878896
-233.9790303764616
-237.9402885538739
-236.08387124064143
-251.91883896620294
-266.80370862823077
-280.7954861105369
-293.94775694390466
-306.31089152727037
-317.93223803563416
-315.8363037534961
-307.2661255282863
-300.4701579965891
-312.44194851679373
-301.5554316057861
-290.9621057094389
-282.02437936687255
-279.9829166048602
-273.74394160856855
-283.71930511205437
-276.2961468053311
-267.4583779970112
-264.4308753171905
-257.14502279815906
-248.3163214302695
-246.67734214445332
-239.43670161578612
-234.55049951883893
-226.17746954770857
-226.10682137484605
-222.44041209235527
-215.81398736681393
-208.38514812480508
-210.04203923731677
-202.59951688307774
-200.22354587009306
-196.73013311788748
-190.6263251308142
-188.24874562296534
-185.6538208855874
-183.63459163245216
-181.67651613450502
-177.13592516643473
-173.76776965644862
-173.1217034770617
-168.974401268438
-169.5759371923317
-168.94138096079178
-166.06489810314426
-165.1610042169556
-163.95134396393826
-162.21426332610196
-162.32140752653584
-162.54212307494367
-158.96959569044705
-158.61141994902022
-156.534734752079
-153.86265066695427
-150.510891626937
-148.26023812932078
-146.98462384156153
-147.94554641106782
-148.36881362640375
-147.14668480881951
-144.6778837202903
-144.93721069707289
-151.2409780552485
-152.66651937193356
-151.24652820961754
-149.07173651704048
-151.10743232601803
-149.90098638645696
-153.92692720326954
-161.01131157107335
-169.23063287680893
-186.49679490420036
-188.5069872099483
-188.9565679773514
-206.7791738987103
-207.45242346478767
-204.18527805690042
-199.31416137348637
-196.4753116910772
-198.90679298961254
-200.47238541023577
-206.68404228562162
-213.96299974848432
-208.68521976357525
-205.88410657776072
-204.99106018309507
-207.51159657210934
-208.74090077778277
-209.1164467311158
-203.40945992724883
-210.3448923316139
-212.00419879171704
-205.28394686421402
-212.34691005236115
-206.5660954492195
-210.19212972226632
-213.06060193893032
-209.3369658225945
-206.07674787323882
-206.67214300084447
-205.19181442079378
-202.60030555554613
-198.24428722221336
-193.84962998888054
-198.7186521895477
-194.7155330581748
-189.1526010746843
-186.50344501020322
-184.61323830959103
-184.75644401101556
-181.8310573703546
-183.40119392813332
-184.45712229244532
-186.9496949548986
-186.41271325760468
-192.32795046214838
-188.76827343441946
-183.86217702835427
-181.41044640665302
-179.52581962225383
-177.7542704449186
-174.40901421822346
-177.62447336513006
-195.16700496322224
-192.5169846654289
-194.28596558550316
-198.34880765037298
-198.38787919135058
-214.92460643986954
-232.02913005347736
-235.3873822502687
-232.8441393152526
-248.87349095633743
-257.10108149895717
-253.55501660901973
-268.34171561247854
-282.2412126757298
-294.58673991518594
-288.61153552027474
-300.99484338905825
-312.93515278571476
-308.31904361857187
-319.81990100145754
-321.5107069413701
-319.86006452488783
-310.68846065339454
-305.96715301419084
-317.60912383333937
-322.912576403339
-316.7378218191387
-310.5735525099903
-310.4791393593909
-299.23039099782744
-311.27656753795776
-311.0199734856803
-317.9187750765395
-318.8836485719471
-324.4106296576303
-323.48599187817246
-316.8568323654821
-326.52542242355315
-320.0138970781399
-326.7930632534515
-331.7854794582444
-318.77835069074973
-310.3916496493047
-306.3481506703464
-312.20726163012563
-312.49482593231807
-300.105136376379
-312.09882819379624
-323.3728985021684
-328.45052459203833
-328.123493116516
-338.43608352952504
-348.12991851775354
-357.2421234066883
-354.52759600228694
-348.55594024214975
-338.50258382762075
-325.8124287979635
-315.2636830700857
-311.16786208588053
-308.0377903607277
-298.375522939084
-290.19299156273894
-284.6014120689746
-288.6453273448361
-280.74660770414596
-278.9018112418972
-279.20770256738336
-272.4752404133403
-267.2867259885399
-261.6895224292275
-253.72815108347385
-248.58446201846542
-254.7893942973575
-248.80203063951603
-248.33390880114507
-244.17387427307636
-251.48344181669177
-253.49443530769025
-247.64476918922884
-252.4660830378751
-252.13811805560258
-254.1698309722664
-252.8996411139304
-247.74566264709455
-262.88092288826886
-268.1680675149727
-267.1979834640743
-262.3261044562298
-255.82653818885603
-256.25694589752464
-249.46152914367318
-243.13383739505275
-236.2858071513496
-241.42865872226858
-239.42293919893245
-233.75756284699648
-236.89210907617667
-229.03858253160604
-222.19626757970968
-220.9844915249271
-232.20542203343146
-229.55309671142555
-234.61991090874002
-238.84271625421562
-232.25215327896268
-236.97702408222491
-233.3784026372914
-231.0156984790539
-237.31475657031064
-234.05587117609198
-232.67251890552646
-238.15216777119485
-243.06303770492315
-241.25925544262773
-238.06370011607007
-231.99987810910585
-226.4198854225595
-228.49469229720592
-233.08501075937355
-231.03991011381112
-238.59751550698243
-235.6216645765635
-233.90436470196966
-234.57010281985146
-231.77589665066037
-227.52934285162073
-220.1775822805235
-226.04692734369206
-237.38411170307054
-241.3810650008863
-236.61820110083312
-232.20110903478312
-227.6290424926961
-228.1312999431343
-233.88342194654624
-234.85041662975345
-231.73939163196823
-230.73502813405014
-224.45092644600712
-221.48387085924668
-221.9348386076919
-218.63874829123037
-215.12042339375654
-218.71319799013114
-219.63040611072324
-218.33258174407985
-215.55262683943505
-211.43946922906892
-209.13310107532476
-213.68511501080525
-229.12400811015692
-239.13656762354748
-235.52837356613463
-237.53667115216655
-247.46447088303654
-257.03660263005435
-249.29440647225107
-251.736742083916
-263.51253755888104
-257.2417853053482
-265.6272781870273
-267.0896414958056
-260.42426300605723
-259.3788072256938
-253.1760787921521
-248.90551406462296
-263.97118322074556
-265.23291222750083
-269.29893749385076
-276.6010012442197
-288.9249411695665
-301.5894446993925
-313.49407801742893
-312.9844333363832
-324.2053673362002
-322.8130452960282
-319.34426257826647
-313.56360682357047
-304.7697904141562
-303.4636029893068
-293.7757868099484
-284.6092396013514
-276.0526852252703
-276.6495241117541
-271.6905526650488
-265.22911950514583
-256.5153723348371
-271.12444999474684
-271.236982995062
-265.7027640153583
-272.2605981744368
-277.76496228397053
-268.3590645469323
-264.49752067411634
-261.28766943366935
-258.39040926764915
-256.8069847115902
-271.39856562889474
-275.454651691161
-277.7073725896913
-271.0649302343098
-269.26103442025124
-271.9453723550361
-270.2086500137339
-283.99613101290987
-296.0563631521353
-303.31298136300717
-295.1942024812267
-287.80255033235306
-300.53439731241184
-295.16233347366716
-288.2525934652471
-300.95743785733225
-303.7799915858923
-302.53319209073874
-299.98120056529444
-292.42232853137676
-297.25698881949415
-292.6215694903245
-287.004275320905
-290.9040188016507
-303.44977767355164
-297.3027910131385
-288.0446235523502
-282.10194613920913
-276.5758293708565
-278.7012796086051
-270.9792028320888
-268.70045066216346
-263.97842362243364
-271.5997182050876
-266.7037351127823
-269.06151100601534
-269.2378203456544
-262.74355112491514
-256.0389380574202
-257.11660177397493
-249.48960566753644
-247.78022932748422
-239.99341556783517
-233.09381063376506
-232.78818199573914
-228.1208910759948
-225.7736376114351
-228.847219354749
-245.11638619346405
-239.9494030218562
-236.17243884054483
-252.00209251011213
-261.9019669595054
-254.46784894193505
-250.47977800541892
-244.6309913250938
-239.43313184558815
-244.02714393485286
-238.26551529876167
-236.68958438083595
-232.8682093179858
-248.89611675890663
-244.40234975337222
-259.7382087681699
-274.15391624207973
-269.0446812675549
-261.0020003915016
-255.0618803680115
-262.43816754593075
-252.6918774931749
-242.93036484358439
-235.3145429529693
-227.61567037579113
-221.57873015324364
-217.164006344049
-210.73416596340604
-208.71011600560166
-207.16750904526555
-202.4774585025496
-198.78881099239663
-195.56148233285282
-205.06779339288164
-199.48372578930872
-209.83470224195017
-207.80462010743315
-201.33634290098715
-203.35616232692792
-198.65479258731222
-197.95550503207346
-207.43817473014906
-222.95188424634011
-227.6947711915597
-220.5130849200661
-213.88229982486212
-210.28936183537039
-227.67200012524816
-223.01168011773325
-218.81097931066924
-232.68232055202907
-226.7013813189073
-221.01929843977283
-217.47814053338644
-221.10945210138325
-217.92288497530026
-213.36751187678226
-211.9654611641753
-207.40753349432478
-205.46308148466528
-199.97529659558535
-202.49677879985023
-198.4469720718592
-197.10015374754764
-213.05414452269477
-210.3508958513331
-209.30984210025312
-208.21125157423793
-207.41857647978364
-208.3534618909966
-215.4122541775368
-214.0675189268846
-211.9034677912715
-224.0892597237952
-240.64390414036748
-255.9052698919454
-253.51095369842866
-261.5802964765229
-261.6054786879315
-272.06914996665563
-263.9650009686563
-261.6271009105369
-257.8694748559047
-255.65730636455038
-250.15786798267735
-254.1083959037167
-254.52189214949368
-255.51057862052403
-270.1799439032926
-268.78914726909505
-260.2217984329493
-256.1884905269723
-268.53718109535396
-261.4249502296327
-258.9994532158547
-253.4194860229034
-249.6143168615292
-247.71745784983744
-244.61441037884717
-252.1975457561163
-248.40569301074933
-246.94135143010436
-243.16487034429807
-236.07497812364016
-233.43047943622176
-230.94465067004845
-224.70797162984553
-218.60549333205478
-214.30916373213148
-212.9106139082036
-216.6959770737114
-233.69421844928868
-229.69256534233136
-238.65101142179148
-251.81195073648396
-245.5832336922949
-238.5282396707572
-236.87654529051173
-229.74395257308103
-226.93931541869614
-222.56295649357438
-218.0891791039599
-213.8238283577223
-230.99439865625897
-242.09473473688342
-250.0090506526704
-244.48850761351014
-241.5791971566995
-239.5644453272975
-232.45057860765962
-248.50354389120002
-259.693331257728
-265.4717313822643
-274.80342749932845
-281.5952218493687
-294.6995085384066
-286.6775380261022
-284.71688574453606
-286.47387259986385
-284.76544024387204
-281.0595138292397
-294.1959429994853
-306.54418641951617
-299.2515352343452
-294.2564431202845
-306.6010565330674
-298.2249931410833
-291.0114935526183
-293.3508039394612
-283.78975570309353
-292.2623703609079
-282.6466281392534
-273.7878304508982
-264.86056062384426
-259.7089269864136
-264.6463913672288
-257.167607885195
-271.73755141208335
-280.5732983273583
-274.41890042771684
-269.7737664020538
-263.24734041793056
-256.8124999928547
-259.76374999328345
-274.1779249936865
-287.7272494940653
-300.46361452442136
-291.19579765295606
-303.7240497937787
-315.50060680615195
-326.57057039778283
-336.97633617391585
-334.8777560034809
-332.245090643272
-332.8903852046757
-319.63696209239515
-309.81874436685143
-296.9296197048403
-286.9738425225499
-286.4354119711969
-292.88928725292504
-282.4559300177495
-274.1485742166845
-263.0996597636834
-253.4936801778624
-244.34405936719062
-237.18341580515917
-232.4924108568496
-228.20286620543862
-239.8906942331123
-243.19725257912555
-245.825417424378
-253.9358923789153
-246.25973883618036
-237.06415450600954
-232.26030523564896
-225.88468692151
-221.2716057062194
-217.95530936384623
-215.67799080201544
-211.37731135389453
-207.99467267266087
-201.63499231230122
-198.2368927735631
-193.8426792071493
-189.89211845472033
-184.1985913474371
-179.50667586659085
-175.99627531459538
-175.21649879571964
-170.40350886797646
-173.91929833589788
-172.604140435744
-175.38789200959934
-183.04461848902338
-182.38194137968196
-183.91902489690102
-202.88388340308694
-203.91085039890172
-202.41619937496762
-198.37122741246955
-198.64895376772137
-192.07001654165808
-188.8858155491586
-184.6326666162091
-179.79470661923654
-174.7070242220823
-186.18460276875737
-184.3735266026319
-186.69111500647398
-200.14964810608552
-197.5006692197204
-207.49062906653717
-224.56119132254494
-226.92751984319224
-243.3118686526007
-241.31315653344464
-256.83436714143795
-251.92430511295166
-242.32884680617457
-233.9691159978041
-235.23096903793584
-243.01711089565967
-253.09608424192007
-263.6503191874048
-266.2513000361605
-258.79622203399083
-271.2284487119514
-265.03474178923426
-259.3326572818802
-251.33269784496736
-254.0127359742693
-246.69197181581313
-245.57045350686434
-243.01622629645246
-238.1552527186653
-250.98593755554538
-249.00678130221266
-249.42637442407988
-240.16079195863506
-234.63114444111693
-236.3332757746499
-236.4932792281709
-236.22368247448063
-229.67026152601179
-221.89004583445106
-216.61664308438398
-210.99964449932094
-206.1396658293617
-201.09128587959998
-200.18580872682398
-197.77466020321452
-200.24818059102165
-202.99328975556034
-207.4936923702267
-205.6640708280131
-203.22422657833232
-221.03077298363237
-223.3089266046144
-225.03039100833755
-238.40856754783727
-240.90405349496703
-235.689810285269
-243.08842166815285
-238.10311636806367
-229.99692938597985
-225.85711362282106
-223.40568680545178
-228.36134559712468
-226.53966486129718
-219.54728496961934
-226.59444787144216
-218.6387809991556
-212.96045413920626
-214.22282689085387
-228.12945727740262
-236.52168984075843
-242.79038845031292
-245.50296514329412
-257.11278723469644
-255.06602000061463
-262.38205880057774
-267.09913527254304
-264.75318715619045
-257.927995926819
-251.33231617120984
-251.37237720093725
-247.570034568881
-245.67583249474814
-238.07528254506323
-234.29076559235943
-228.57331965681786
-230.99892047740877
-223.49898524876426
-217.34904613383839
-225.12810336580807
-222.66041716385956
-217.46079213402797
-214.31314460598628
-206.6143559296271
-203.39749457384946
-198.75364489941848
-193.06842620545336
-193.36432063312614
-188.00246139513857
-184.70231371143024
-181.3601748887444
-179.53856439541974
-176.02625053169453
-179.14467549979287
-195.09599496980528
-193.83023527161694
-190.5404211553199
-185.34799588600072
-181.18711613284069
-177.15588916487025
-175.226535814978
-176.95294366607934
-175.09576704611456
-173.11002102334768
-169.0834197619468
-166.49841457622998
-166.04850970165617
-186.0855991195568
-183.62046317238338
-184.24323538204035
-182.78864125911792
-181.54132278357085
-183.12884341655658
-178.68111281156317
-173.90024604286936
-171.2662312802972
-172.09025740347937
-167.7048419592706
-166.58255144171434
-163.84759835521146
-167.27674245389875
-163.48013790666482
-167.59132963226492
-166.475849854329
-164.94729886306925
-161.59046093128507
-160.47503327540795
-159.96653127888348
-158.9485394021505
-154.69162703802144
-151.05012941574012
-171.9871216507957
-169.82789435174794
-170.49822069064305
-171.30832744920446
-172.66982780225217
-176.949638134117
-177.37265984606998
-190.61030025530576
-188.6536822399874
-184.65446130558814
-182.69519362725285
-183.61348200961766
-182.3766730890406
-181.69407270369814
-179.25242834147625
-180.79728264098767
-178.1694456825284
-186.37927894157667
-184.85652220508206
-180.72513087277713
-181.8816230204105
-195.14872563918587
-205.6398021008347
-201.8814139747846
-204.16852913629754
-206.67841738811967
-214.19771234483247
-212.5058496041425
-211.75549862789393
-209.01016871022028
-211.58955858760706
-212.15418507235063
-211.6049339680096
-223.748637929929
-226.82371965413324
-226.29429647488524
-219.9166386863921
-218.00164036520857
-213.86154194329603
-211.10984942669828
-220.22325846109638
-229.98986295343056
-243.31047117622472
-236.27184290565123
-234.21553233131215
-229.34260039143342
-225.8420443679474
-222.37152170587058
-216.64923040351835
-212.65027657930725
-211.35125998454882
-207.1301843854759
-202.62237332234733
-199.28503092300647
-204.1279290676261
-198.36025332356851
-193.9586381241544
-192.34111983670513
-192.26065264650282
-190.62501348771264
-188.36751267844988
-184.8654619177429
-185.05353420267832
-180.73032215051762
-177.98650282148654
-175.76731265219735
-178.2412738930655
-174.98679745948158
-172.1075896119127
-172.04113423519792
-170.71866618108604
-190.47554621022087
-193.2070134376076
-188.81459263135113
-199.26571707347006
-195.58977404906184
-198.7943876061181
-205.70672434975103
-206.14432088876595
-207.57566163543999
-205.68112193731358
-208.28025462107476
-207.12343934381028
-224.69603298318165
-226.51427100419076
-223.5434147439393
-220.45080985930292
-229.06376126774475
-227.31993559168006
-229.28073945617925
-224.46389508880847
-225.81606138347993
-223.2470977004711
-221.19227183844282
-230.48073552813625
-236.45189139644808
-248.42477791266117
-248.93929123790147
-246.84293376362737
-245.89235773780973
-241.81881627354113
-247.46968729712864
-244.80150605930092
-242.77341569574284
-238.76701075399825
-247.00099010875834
-241.66093070223283
-241.26127486009884
-247.1855983684929
-247.4744624663833
-241.68599471840028
-243.38483503529625
-236.40174493317846
-231.21764023718774
-224.30458182295646
-219.12630691357907
-216.8987284987643
-213.06480478883844
-210.78091650150813
-210.25406151141763
-211.37881782073256
-213.45608875148858
-215.76872342639925
-215.7226000208153
-210.81924401956636
-205.97008937839237
-203.0318840156888
-203.14997097474748
-201.2809727162626
-197.90411435328681
-198.0898674920896
-198.44447544256423
-194.99780691601038
-190.61793850104974
-190.88086219098673
-185.9680104595275
-182.24992983195585
-177.4949340420385
-179.26523799951616
-186.08932371954518
-191.36396429637244
-194.4021264385901
-195.63799885227468
-197.57971892113818
-192.14493578586988
-199.27623963871767
-197.3996652603946
-195.8156853447709
-193.96674422408466
-203.6287395706396
-199.6910151964012
-194.90955428461712
-193.8349810275401
-196.12488216588767
-193.11738923593438
-198.4503458817783
-196.4433251288716
-198.75672562113928
-197.2113220838709
-198.45864275883864
-192.4911241933083
-189.9416567417098
-196.4251573372072
-198.85964789697476
-213.74806902315626
-209.50318488176688
-226.93299378886087
-241.09701416152922
-256.6311933118375
-248.01332171312723
-245.01252241033959
-238.8917710657192
-235.77826480177603
-243.47156891366947
-241.3432747788493
-237.0626782921183
-238.3789175945912
-234.5161825389157
-229.14521158658073
-245.39649889138587
-241.4727089579027
-238.6843464204285
-235.6432856352028
-236.9246884970906
-234.22920718726516
-250.17545475602924
-242.72492747066747
-236.9814318224274
-252.76254591308174
-255.11679315829684
-259.489785568799
-257.90039843467105
-249.74637452859076
-248.98159205687531
-250.6626965334628
-244.562934741455
-242.00915865696768
-235.4686091375496
-228.12049258929662
-222.8932630339388
-219.89966725190246
-236.7056872167883
-230.963345983781
-233.90554522475415
-237.15121251126888
-235.70213976059273
-233.68001137495716
-226.55921069245971
-221.8456580509121
-217.47491856785737
-225.78642345378591
-228.43923804655873
-225.3528837637652
-219.99171073793926
-228.51220809366288
-224.5814756080431
-222.02658707156047
-226.16499184726683
-221.7150923364308
-221.31218679624496
-228.55345558847026
-231.64024825316204
-225.9018333579723
-242.34772335649393
-243.9468599551043
-240.53004835779802
-252.1982454563301
-257.1063507289503
-256.43996968521327
-271.05357150410043
-284.79035721385435
-275.6229357810231
-289.0855596341617
-287.94042605611196
-280.38400049274526
-293.56096046318055
-288.0673028353897
-291.6032646652663
-284.3670687853503
-277.86504465822924
-274.21314197873545
-269.7003534600113
-262.0383322524106
-276.3160323172659
-267.89707037822996
-281.82324615553614
-285.2538513862039
-277.31862030303165
-268.9595030848497
-263.4419328997587
-257.23541692577317
-252.18129191022675
-252.53041439561312
-246.1985895318763
-239.4066741599637
-239.50227371036587
-240.91213728774392
-246.97740905047928
-256.7587645074505
-251.01323863700347
-246.57244431878325
-247.55809765965626
-241.16461180007687
-234.49473509207226
-227.26505098654792
-223.88914792735503
-224.91579905171372
-221.02085110861088
-213.6396000420942
-205.86122403956853
-201.0095505971944
-201.06897756136271
-199.32483890768094
-194.14534857322008
-189.09662765882686
-185.01082999929724
-182.2501801993394
-185.65516938737903
-190.35585922413628
-188.5345076706881
-185.6224372104468
-189.00509097782
-189.9647855191508
-186.48689838800175
-197.25768448472164
-205.4622234156383
-202.1944900107
-219.882820610058
-221.3898513734545
-218.6664602910472
-235.06647267358437
-250.96248431316928
-242.56473525437912
-235.99085113911636
-230.59140007076937
-234.9959160665232
-234.09616110253177
-244.47039143637983
-243.72216795019702
-257.6588378731852
-248.97930760079404
-245.3205491447464
-241.8813161960616
-238.1084372242979
-235.04193099084
-226.57941513138957
-222.58465022350617
-217.3295712100958
-217.24979693749003
-213.81480912124061
-215.92592057396615
-213.23036533952816
-207.93654341915646
-202.36035081400706
-196.45872976516665
-191.33120597925665
-201.57133362050124
-201.23705360327114
-201.46283038707486
-219.37506056385035
-218.93255693001933
-235.13660351421817
-228.58840730336507
-244.87310286516316
-251.48071669325338
-252.05187369165816
-256.84876127015866
-248.99783559394913
-242.33796545831217
-234.45768753081342
-230.2902262789646
-223.7328127022267
-220.8688439400931
-216.85671330368748
-211.2853105054662
-211.98819187513823
-209.4689003626299
-206.3207663408721
-206.00152036041976
-200.84142913879455
-201.69094339046688
-197.92948678703885
-199.2537175798165
-202.7184945250275
-202.61538485352582
-199.45846176231427
-212.21095405657542
-213.7582968131809
-225.47279900439003
-222.3844310641266
-222.781365200279
-229.81448328826224
-224.66561429096652
-220.24567743350852
-220.410936787498
-220.26628058024812
-215.63030374543322
-215.8324855207072
-212.36253638946474
-206.52078420609683
-203.729537153731
-198.40576492450714
-194.42141902903668
-192.35613388729448
-195.2747658540568
-192.25827990281337
-185.88278310864456
-181.98981612212586
-176.5904271547983
-180.81500152551038
-179.56610143397975
-175.27213534794095
-183.11580722706447
-190.4288587934406
-189.98312726583416
-190.4041396298841
-196.07989125209104
-196.79509777696555
-193.9273919103476
-196.45174839572672
-208.0646434919831
-204.76076488246412
-204.29511898951625
-200.13741185014527
-196.70916713913655
-193.06661711078834
-192.28262008414103
-190.40566287909255
-192.061323106347
-188.2176437199662
-182.5045850967682
-179.29430999096212
-182.9966513915044
-179.99685230801413
-180.89704116953325
-177.30321869936125
-174.64502557739957
-176.16632404275558
-172.91634460019023
-189.90136392417878
-208.50728208872803
-225.99684516340434
-222.51703445360008
-219.84601238638407
-219.61525164320102
-219.57833654460893
-215.88363635193238
-211.51061817081643
-206.07998108056742
-201.81518221573336
-197.74627128278934
-195.60149500582196
-194.0654053054726
-212.42148098714424
-210.2361921279156
-206.38202060024062
-203.41909936422616
-197.39395340237257
-208.35031619823022
-206.2292972263364
-204.47553939275622
-207.62700702919082
-208.48938660743934
-203.24002341099296
-201.18562200633335
-198.17448468595333
-199.1240156047961
-217.17657466850832
-230.9059801883978
-247.0516213770939
-256.94852409446827
-258.09161264880015
-251.84611588987212
-247.5953489364798
-239.09962800029103
-236.27365032027356
-229.05723130105713
-221.9137974229937
-216.39896957761408
-209.17503140295722
-205.44452951877977
-204.51785774765298
-202.3867862827938
-197.14357910582615
-192.39496435947657
-187.99126649790796
-185.11179050803347
-182.94508307755146
-179.52837809289835
-177.63667540732445
-173.69847488288497
-170.41656638991185
-165.71157240651715
-164.4688780621261
-162.94074537839853
-163.96430065569461
-165.04644261635292
-166.0636560593717
-164.13983669580938
-163.7714464940608
-162.82515970441713
-160.37565012215208
-169.77311111482297
-167.1467244479336
-172.3579209810576
-174.73644572219413
-174.75225897886247
-182.32712344013072
-180.80749603372286
-180.09904627169945
-179.25310349539748
-181.33791728567363
-180.7776422485332
-180.7909837136212
-182.3635246908039
-184.50171320935567
-189.27161041679432
-185.77531379178663
-203.78879496427942
-199.72146726642265
-196.73817923043728
-195.55388847661104
-191.08065516801435
-194.55581585793348
-192.24246690645748
-188.62791889207
-184.9302437585458
-181.51442913303305
-183.82356338505105
-183.71414958194796
-179.5913006070311
-185.7358225706092
-183.83167321637265
-180.30177282339028
-177.34366645398683
-174.32304646674763
-172.20366367874277
-168.53144385801818
-168.01955722653707
-171.67838379294486
-169.29768076536814
-170.35981991944604
-174.35823072427928
-176.01673688082252
-181.35573266797317
-181.15438870789478
-183.60512538542108
-194.3088178622958
-194.83028879055806
-192.26047146312456
-195.48484317533706
-194.43575258481684
-194.22960742972782
-195.71583098394413
-196.51288112490747
-205.542108257413
-217.5695817619682
-234.5154068562501
-234.0044824448751
-227.88421349818256
-225.0111606882916
-241.51049104699408
-233.0798615841744
-227.9150698891239
-222.70016569577646
-219.95815575402986
-220.56066640878808
-222.5670264242608
-218.75300483880514
-219.30782454847682
-214.4293550755682
-213.92359377103412
-209.72817814477207
-207.88448745608574
-208.1314182087206
-203.56353311619733
-204.8497211292255
-212.83873786147194
-207.14841358978362
-203.65950877439658
-207.81993824793278
-204.2307419530568
-203.07689743587338
-203.31228358972095
-198.85354657433768
-194.2423337798774
-192.66779375308477
-185.78772612789967
-181.24046256022567
-180.7460348066121
-185.20127271821536
-182.90919635512242
-178.05464457381507
-178.17136589938616
-176.781083945423
-174.75421890869762
-174.46896577417576
-173.0608278277252
-168.9771781580617
-173.47854746857797
-169.0098346204633
-165.9492445432355
-165.47228987064133
-163.40395247840286
-164.51971532969867
-161.66853240991676
-161.26842046532175
-157.65231523740243
-163.07317632315826
-164.68878574376876
-170.46745859914262
-169.95941108319406
-167.2018464182024
-166.40973563311024
-165.60515149512364
-168.2688424054162
-168.5527118610912
-180.6395491494257
-185.10117620046017
-180.71510562843255
-177.9721992907266
-196.69386733328298
-193.89223529328598
-190.4787011756888
-187.02997910514745
-186.8481803588386
-183.91728953730828
-180.92225216506975
-179.24691703516555
-185.89210201305562
-188.11857589227228
-187.8114613387359
-186.74277365841172
-183.638207238907
-181.13991480457258
-178.67151991629822
-180.5512287213203
-180.81815499804108
-183.3490656981586
-178.94812175626907
-175.89123445089294
-171.03776038383933
-169.05549476080895
-166.8321650751604
-165.88223517065077
-163.72930106041173
-162.845542996787
-163.39481041697977
-167.03112179196097
-169.2492544844433
-167.85429921537667
-176.86304126245403
-177.5312587867068
-174.31938325950438
-168.0002202639341
-167.82020704809804
-162.49099462521215
-159.1015349476994
-156.15544285083743
-155.30611627978718
-152.70774930299993
-151.88528434481992
-153.45216728413072
-150.84503724708287
-146.3543350122579
-146.09307491152242
-146.08749041683106
-145.9022409918212
-143.8681065323119
-144.3560201403732
-142.4746589319508
-142.14617939603374
-140.63740863227173
-138.7391641143354
-138.15481426747527
-147.32552541142675
-152.34599388674116
-150.40523425353666
-147.44092019832445
-145.85446498642497
-144.18319708723948
-147.1722052620051
-145.3018729462848
-143.18376056950768
-140.5327349353372
-139.18077083921696
-140.18992458886396
-141.1985291135321
-145.02661736672016
-146.52502032471693
-151.1735191052339
-151.46310795891986
-151.67532148138469
-152.53480219250162
-149.62271406095152
-156.18535121729442
-156.11423014425677
-152.44737633560135
-152.60053375546528
-151.42450173013734
-153.9190316263291
-152.00388972874933
-155.66365634502435
-154.0638369643229
-152.26000674646352
-151.4044063416757
-150.06014196117516
-153.53653344350462
-151.76434143689434
-152.97848095068068
-156.69977209363984
-157.67778576802144
-160.03711862194012
-157.6948915046237
-154.35319801434628
-152.59200613348548
-152.61648576547634
-150.95949661954776
-149.5819268223749
-151.4070112130324
-149.88259054025045
-149.9496351078354
-155.5326570013653
-157.36069758128338
-156.91905572640636
-154.34391238282197
-153.00327763985263
-151.92308098146145
-149.82769612257377
-147.91803435521933
-151.82295229390616
-152.0135751562718
-151.23276064689549
-148.69879500808173
-149.19686730759682
-146.425055269141
-152.75955195299255
-153.313978835813
-155.8151401056642
-154.44623169932433
-152.73945779736485
-149.15509032952295
-148.42578490975157
-151.82023781516648
-153.3910235462565
-151.8675621334811
-152.59550840547223
-150.69977790114388
-156.05779122707523
-157.4343237534507
-158.54826432824368
-165.23536846854904
-166.0612463604361
-165.6975715788099
-165.5957172840813
-165.43997424703642
-163.13357579221423
-159.52556124468137
-161.05402757000047
-165.13078591580043
-161.5229387608524
-158.37156243520124
-157.68926868908915
-155.9079125677438
-154.4134378136792
-175.14863154485843
-174.5997136521669
-177.26373083303687
-183.72790698305465
-184.76423256407136
-182.55837861022707
-184.50487589361344
-181.53458333999663
-182.04250833959682
-191.219957839221
-188.44676036886773
-194.83995474673566
-195.62955746193148
-193.9717840142156
-199.19347697336264
-197.50186835496086
-202.3317562536632
-199.9718508784434
-196.8535398257368
-196.5623274361926
-206.96858779002102
-212.31047252261973
-219.31184417126255
-224.03313352098678
-226.37114550972757
-223.82887677914388
-223.59914417239523
-217.98319552205152
-214.68420379072842
-214.7031515632847
-208.78096246948763
-202.01410472131835
-202.91325843803924
-204.23846293175686
-203.14415515585142
-197.49550584650032
-194.1657754957103
-190.61582896596767
-189.3788792280096
-193.79614647432902
-188.76837768586927
-193.8822750247171
-191.12933852323405
-189.20157821184
-198.48948351912958
-192.28011450798178
-191.12330763750285
-189.49590917925266
-183.16615462849748
-183.2761853507876
-180.31961422974035
-177.96043737595593
-172.20281113339857
-168.65064246539464
-164.95160391747095
-163.5145076824227
-164.6236372214773
-160.50621898818866
-155.55584584889735
-153.0024950979635
-151.68234539208567
-151.3414046685605
-148.26092038844686
-146.68526516514004
-148.62414925523163
-146.2467002999177
-148.03189828192265
-150.12998438500728
-147.96218532190684
-145.38445420259245
-145.90138695043692
-145.0073037334107
-141.76686550940607
-140.9408535788417
-143.40440236411118
-143.7401382222645
-142.13572992892864
-147.1675861331929
-152.43753096520132
-154.27127910728922
-150.41500236085187
-159.03010221920073
-160.34829608604866
-158.88739832088572
-158.35415442163256
-156.2329051563346
-156.2189308469545
-159.3257949961372
-158.58624729636895
-159.0910724585868
-158.90560811107161
-158.2512716244073
-156.79619532694286
-158.72842360732628
-161.7447181908867
-174.30003509943347
-170.74203299346746
-166.6775110138594
-162.97686035302783
-161.23824873184614
-162.90395380793538
-161.70971657945927
-157.4671335846917
-158.8791055696102
-153.9063592354336
-152.89197768130757
-150.7384590204291
-148.23415147920335
-145.46010239045114
-144.89249624702407
-144.77894647220262
-144.25220968387046
-142.7370771028382
-140.1128524766679
-137.3460813280678
-135.28531644838375
-135.02819746148072
-136.16650561379186
-132.55651527696432
-135.34312436034645
-140.00253689872565
-138.8023846848021
-138.39424160371394
-138.4905871074911
-136.12115188104164
-135.99388276817913
-149.0142498020884
-148.35339481396306
-146.83219112512526
-144.68225965761775
-142.54132407816067
-141.06884463347103
-138.78471395546276
-136.277631118135
-136.9209732510469
-134.58571485598407
-134.49057196462502
-133.6211376467475
-131.00386938794264
-128.78363722466608
-127.17661899118612
-128.66602185171493
-127.30606054061202
-128.2476969081753
-128.17283509368477
-126.96246498806367
-125.64471708877984
-126.08603406345306
-124.04087201964586
-122.83841969846709
-123.26811451655905
-121.2720276455655
-121.85570598683157
-123.06436362762166
-122.28050180996435
-128.02367170136648
-126.58225139928449
-126.18731631532741
-127.01607733640776
-127.19511269622329
-129.94340593444988
-131.0268015783829
-132.88519348367993
-134.09208187465913
-136.0665569621796
-137.6825635444488
-145.62160973178186
-146.48431314787493
-146.99525435900244
-145.9155390974623
-144.30060675161454
-145.66257034651767
-146.2228161257266
-148.489447158183
-169.58008032869202
-172.90527550897048
-172.85095897843223
-181.3799014397263
-182.13710735334269
-201.20888091214212
-219.13634805741358
-218.10816717396875
-226.6816771435306
-224.24077651491876
-218.8263299240236
-218.17675012858217
-217.32614512086724
-234.2865764136152
-229.16938182879827
-237.07921891907034
-252.85446578392612
-256.88319783689053
-260.1902059666771
-262.5787936086765
-269.98406599215593
-265.06502203262653
-265.1211207106689
-259.71385346802873
-252.291022259947
-246.57356092435015
-237.77914726888912
-230.83239843275575
-223.1624545267904
-217.99270725518298
-225.25314481987198
-220.07795613067964
-232.25327876283885
-227.7380820370685
-225.95379711484438
-223.9765692879537
-225.35797513067646
-220.59649662283584
-218.28070682546567
-211.3038644159377
-205.16563255098143
-207.37569459792255
-202.4931529220472
-200.24356374672436
-195.1289499219209
-189.60121292660565
-183.0251401510093
-179.18363174194872
-176.83261383743178
-171.86265700718585
-168.75089758675466
-164.56584373154936
-158.7718931076564
-156.80557952119702
-154.7772447499252
-152.21061006492965
-149.79797346103388
-146.33009505337185
-142.5302893501695
-140.75847198915935
-136.1529636698098
-136.0237858496212
-134.40235869864392
-133.59821717672529
-130.80232414612178
-129.85418469735447
-128.7229336155132
-126.2195575985824
-125.60638414266744
-122.15000109410738
-121.36100102846093
-119.89934096675326
-120.08538050874805
-119.60025767822316
-120.34424221752977
-122.78358768447798
-121.41657242340929
-121.45157807800472
-122.02448339332443
-124.90301438972496
-123.82883352634146
-123.77910351476096
-123.1323573038753
-122.40441586564276
-120.8201509137042
-122.33094185888194
-123.15108534734901
-121.88202022650806
-122.06909901291758
-121.22495307214253
-120.31145588781396
-119.27276853454512
-119.4364024224724
-118.39021827712405
-117.5868051804966
-118.9915968696668
-116.89210105748678
-121.57857499403757
-120.58386049439531
-120.36882886473158
-118.96669913284768
-121.60869718487682
-120.6721753537842
-120.57184483255713
-122.87753414260371
-120.72488209404747
-123.14138916840461
-123.91290581830033
-121.81813146920231
-127.34904358105017
-125.70810096618715
-125.06561490821592
-123.38167801372295
-121.97877733289957
-121.4400506929256
-119.07364765135006
-120.56922879226904
-122.33507506473289
-123.93497056084891
-125.97887232719798
-125.6801399875661
-129.11933158831212
-130.01217169301339
-132.77144139143257
-136.32515490794663
-138.4656456134698
-139.45770687666163
-137.87024446406193
-134.5180297962182
-133.1069480084451
-131.8405311279384
-135.39009926026208
-133.14669330464633
-136.55789170636754
-136.8844182039855
-141.09135311174634
-147.56587192504156
-146.21191960953905
-143.6792044329667
-141.2384521669887
-149.98414503696938
-152.8650963347512
-152.33319055466615
-153.21319912138617
-168.56040717410298
-165.1667827436568
-161.67677577903737
-156.77616923229513
-159.7895990783574
-169.52222313365596
-169.13088974563658
-166.30303636089837
-172.58485417924445
-171.94976292848978
-169.0127771527804
-171.29201052361356
-171.21448989219672
-168.02162049866493
-168.32032326874503
-165.00110387262032
-161.76103764026308
-165.55537538184728
-168.52205285893643
-165.97072968740025
-166.15248590615622
-169.14333675178685
-168.29473654667964
-165.63705235387886
-163.7388292126461
-160.5144994598873
-156.82362949229406
-152.69421172275642
-149.412559019391
-146.68780547822755
-144.1865371495339
-142.73534492056186
-140.17122422532813
-137.46095077180843
-134.73329372549992
-134.80929610196992
-134.16073833585173
-134.5710940357006
-133.75682839355858
-131.19141868994507
-131.71993356854836
-132.33673755443544
-130.0965333011693
-139.81074130309915
-139.64209682491318
-143.8635710154184
-148.3117567544933
-145.5330513492237
-142.44106826827027
-141.15460417217403
-141.2653279218436
-140.70940824653297
-138.566843751741
-139.97283312663654
-140.75446313903836
-141.36919535069606
-140.5670436296543
-141.97302101187503
-140.17463975116252
-139.80416136609276
-137.1759116841272
-134.64535698307952
-134.84663556409473
-135.63583743024904
-134.75768718443408
-137.83222595336804
-137.06229239616596
-138.31855485239598
-136.97944156125223
-134.7006750675771
-137.71863456352247
-133.95551648971113
-132.93818550032844
-133.36189437030873
-136.0401807080902
-138.49776986560477
-139.78790367366847
-141.00062945324834
-142.02059168605342
-139.73935618489023
-138.9149948137968
-144.68009512496897
-143.55928941747084
-139.92573205242257
-137.8901881292772
-137.59677684152055
-136.9609702310293
-136.84331201716753
-137.57271329613747
-138.9183504983692
-138.38324946846706
-138.000254500359
-136.98023923033745
-133.8614248765172
-132.60973938392615
-134.07315502089057
-139.16876571963712
-142.9986397764589
-143.05872138987138
-144.7951981064791
-141.08748622009034
-142.58223704688493
-140.86730282407183
-141.1152646546275
-140.44834877534987
-137.90144784882887
-136.58736097789912
-136.67211931922517
-141.19179216007166
-139.98028463046734
-139.56146755263927
-137.1877794994809
-136.15651272951203
-136.1471219657413
-135.5382946477968
-136.46599696892898
-142.25803715079323
-139.90255492174563
-136.9084016264409
-136.55389752885446
-134.3606636771232
-135.8390238564958
-137.22868242510603
-134.81496147959965
-137.22606379082367
-137.27249996337426
-133.8961499655718
-132.1023809676375
-131.31623810957922
-132.67726382300447
-135.51662799362418
-137.82563031400673
-136.93609249516632
-137.65992694545633
-135.94033132872894
-136.5439114490052
-139.21127676206487
-137.75860015634098
-136.33308414696052
-134.63309909814288
-142.8751131522543
-140.36260636311903
-142.38084998133186
-140.49799898245195
-141.72811904350482
-147.62443190089454
-149.02696598684085
-156.1653480276304
-153.03542714597256
-154.4133015172142
-152.4085034261813
-159.10399322061042
-155.55775362737378
-155.82428840973134
-153.13483110514744
-149.7667412388386
-159.74073676450828
-155.67629255863778
-151.6757150051195
-147.91517210481234
-146.9002617785236
-144.1462460718122
-142.45747130750345
-142.61002302905322
-141.25342164731
-137.5182163484714
-137.06712336756314
-134.90309596550935
-133.34891020757877
-132.00797559512404
-130.1474970594166
-128.5786472358516
-125.90392840170051
-128.12969269759847
-129.86191113574256
-130.650196467598
-135.5311846795421
-134.41931359876958
-131.9941547828434
-131.0345054958728
-130.19243516612042
-129.1008890561532
-127.95483571278399
-124.71754557001694
-126.47449283581591
-128.00602326566695
-125.72566186972693
-124.18212215754332
-122.3111948280907
-121.45252313840525
-120.70537175010094
-121.38304944509488
-121.66006647838918
-121.32046248968582
-123.52123474030468
-124.20996065588639
-123.0573630165332
-124.0739212355412
-123.64948596140873
-121.8705168037242
-122.47828579550074
-125.08958864777068
-127.00421332890444
-131.44396052917017
-130.81732289741996
-130.28828352357476
-131.71098651216028
-130.94832732143064
-127.3514276821448
-126.55034202121611
-127.53732149994313
-126.60508220994653
-128.36877727734975
-125.58665064070875
-128.37145160226623
-127.14916450613026
-129.30021463576244
-131.8022017576167
-131.4540696521597
-133.88682547303011
-136.2336159446483
-138.4395989879694
-139.1332230486912
-142.84522966576972
-140.0345158858235
-136.0124449326741
-134.63169823671365
-132.9737963425108
-131.65536856196016
-129.99604644824254
-131.61628366134798
-131.4593066416671
-134.55174824316705
-133.258643348577
-136.3631247476624
-136.46133726280266
-136.0736570270345
-134.74923760541242
-137.88428334908767
-138.1312263481424
-147.00335276725386
-148.5631516012186
-169.6493625051455
-171.17040075483675
-166.60017670954653
-164.94416610697374
-176.0475161405553
-178.32466517212197
-184.96518526179463
-187.66727414608695
-185.46723769732174
-183.45920343548244
-202.45165122935347
-203.02455215559226
-197.92307902625672
-195.0476942846813
-193.72483262760042
-196.3813426699444
-194.0784621097477
-190.35375438316282
-186.85252912017302
-188.36137737296264
-183.47969473058487
-185.67091304674975
-184.79065826394475
-181.92321876810806
-183.24782564202158
-183.47295610350028
-180.38457873729024
-176.94150401305282
-179.28501377226965
-178.12791294593345
-179.50023816917744
-180.31022387902678
-175.85161044628518
-172.14051381950807
-167.75208299033758
-173.76695801091734
-176.1209405302623
-173.77368409844655
-179.12726305253975
-182.05962726938736
-186.1360496332241
-181.68788665523064
-177.86661345591682
-184.1746166485618
-203.12413964964807
-204.55669127066918
-200.08328979442902
-195.99829240676326
-200.61839486235743
-194.34129117061596
-190.60081370037898
-185.70476487835623
-180.50247898565485
-179.45233024651554
-174.5651904317246
-169.91127900582111
-167.03660226547183
-164.03440612954353
-163.0123417617709
-158.63160125606464
-156.73370518070075
-155.6696828698587
-154.30950189766716
-152.61093178380713
-151.0742758767787
-154.60981932417195
-153.6132301647216
-155.0164363548383
-154.41545017354798
-156.79052316313508
-152.66309177334696
-151.36330626694615
-150.6815078909294
-152.20061741747364
-150.5085803724252
-150.3580655500797
-149.2565816170749
-147.8011867200504
-145.71311551684735
-144.2303285858365
-148.0565088706863
-144.8731183384451
-145.24073123813838
-144.68628736385006
-152.08511012201905
-151.12000351469788
-153.032803303816
-152.61083510558703
-149.4541849992518
-149.18693389929666
-147.37571786533883
-147.0531747934185
-160.42998430581338
-156.32418524746458
-157.6847341326167
-161.18365008465972
-157.51263107958013
-155.8618732148053
-156.890160821917
-155.57675117260197
-154.52214610224584
-153.35081733611108
-151.2297682959444
-150.25598219818772
-156.60062326629645
-156.20458587031865
-153.85231071809955
-151.76117207501355
-151.89550175051272
-150.64177164548192
-151.263265346753
-148.96746942594783
-147.34942126039095
-148.8284559847675
-152.43874862568143
-150.37242370814056
-148.79007828565213
-147.72267358851298
-147.6793131732022
-144.75855438281005
-142.79304111984143
-143.34545865265093
-141.7647311334919
-143.93884726548237
-141.2425164295534
-142.0079654437802
-141.64748751715337
-144.72863826612416
-141.1449199701567
-140.8962247719473
-141.98245128563045
-139.8835042084926
-141.15049395598305
-139.40146431862405
-138.5373764595066
-139.5851338719362
-141.65002583962
-140.0510242892428
-139.08796283188823
-141.30268506197493
-139.48452395825643
-145.09545252076103
-149.10972536951536
-153.24314184734445
-149.26855333650377
-145.95244013631353
-148.9552937281347
-149.1379761044466
-157.7696975381798
-161.683515685889
-158.70250474473565
-165.32035446005148
-163.62113319244838
-166.22386520090146
-163.39043328884733
-164.80700729151647
-162.6585868540255
-159.97907164278396
-161.6003273442169
-160.4243077035639
-159.07884924135004
-155.71411828686905
-153.9912711896569
-150.8717949182775
-148.41948722318082
-145.21431798978995
-144.78145891040253
-143.65457137577837
-145.77529709323167
-148.18877926763776
-150.39745251157947
-146.6536053608847
-148.53438903923163
-148.20232569687772
-153.77018615506506
-152.34397498576115
-153.1633364866155
-149.25353629741855
-150.19832411957344
-150.78642467239902
-147.67923919205506
-150.03848484053177
-152.19617575009985
-151.82440520509385
-153.0949408927882
-158.36924443922092
-160.08708977286764
-174.06186438649559
-184.73815252330584
-184.4538633719075
-184.366631569593
-182.24463367541742
-181.56995565489237
-200.6757583155988
-201.5352128166629
-198.02310004766312
-195.02171404480333
-191.4204112021151
-209.03518652998818
-210.17307533818888
-205.36269081789754
-202.10092936882367
-217.75487360669425
-224.60958119029257
-221.453006318875
-238.1658259397425
-231.49587638335794
-230.68612380035646
-241.44495637233504
-239.91825898999494
-245.02316345059523
-248.56177364355952
-256.02806722494597
-249.4263831914492
-241.36080019996223
-234.49915218796448
-247.6692030566866
-241.1490508732854
-243.84010782088825
-240.36970135163494
-233.56751927053685
-230.41346811430464
-228.10866002744635
-221.32214042579957
-215.30281200025158
-210.42464328023647
-203.97916468342228
-198.34041480241692
-204.0799899142719
-202.69519051941558
-197.79347908825062
-205.00587034295557
-207.82551812237824
-202.19598703503553
-196.2442278129334
-196.7695741441574
-191.26339969550796
-195.8075957137775
-198.57913997095085
-202.68439157269378
-203.12332807833215
-197.83592839363223
-194.72577269001428
-188.50222632861343
-183.1320927488966
-181.0241671839628
-178.50271715292502
-174.09255412374952
-173.24700087632453
-171.37218082374505
-172.06984997432033
-172.48565897586113
-171.85651943730946
-170.24512827107088
-168.8504205748066
-174.97939534031818
-171.44063161989908
-171.11419372270512
-176.5673420993428
-176.29330157338222
-180.7757034789793
-180.60916127024055
-178.5326115940261
-181.14065489838453
-176.57221560448144
-182.11788266821253
-178.57080970811975
-173.07656112563257
-175.77196745809462
-171.52564941060893
-165.7341104459724
-162.15006381921404
-160.1610599900612
-157.2113963906575
-156.41871260721803
-152.91358985078494
-150.93877445973783
-150.82244799215354
-149.8131011126243
-146.94431504586686
-148.50765614311484
-148.71719677452796
-145.37416496805628
-142.65171506997288
-142.3126121657745
-141.39385543582804
-140.95022410967835
-140.65321066309764
-141.63401802331177
-147.95597694191304
-158.03861832539826
-157.37630122587436
-157.35372315232186
-155.71249976318256
-152.5497497773916
-152.3367647907481
-153.81655890330322
-152.92756536910503
-151.79191144695872
-149.1643967601412
-148.4345329545327
-145.04846097726073
-143.1255533186251
-141.01802011950758
-140.41693891233712
-140.5719225775969
-140.17760722294108
-136.50695078956463
-134.01653374219072
-135.03554171765927
-136.9534092145997
-135.2162046617237
-134.1832323820203
-133.81223843909908
-130.4035041327531
-126.77929388478792
-127.21253625170064
-129.2397840765986
-128.5053970320027
-129.1950732100825
-134.70336881747755
-132.3811666884289
-132.17829668712315
-131.02759888589574
-131.74594295274198
-131.70118637557746
-130.3991151930428
-128.5751682814602
-126.80065818457258
-123.93261869349821
-126.21666157188831
-128.423661877575
-127.2582421649205
-124.12274763502526
-123.09538277692374
-122.84965981030831
-123.2786802216898
-123.4419594083884
-127.91544184388509
-130.02051533325198
-130.31928441325687
-127.60012734846144
-127.38411970755375
-125.50107252510053
-125.41100817359448
-123.10634768317881
-125.91996682218807
-129.94476881285678
-128.32808268408536
-130.28839772304025
-132.55109385965784
-130.47802822807836
-132.06934653439365
-132.84518574233002
-134.6544745977902
-136.41520612192278
-134.4102937546074
-132.16567612933096
-130.11573556157109
-129.2687914278768
-127.81266394220418
-127.46390410567192
-136.37606985933158
-133.17350566777168
-131.66309532770538
-129.70330960804304
-126.60111103156046
-128.84504436966682
-133.7743417074868
-141.04788120503758
-139.7250083327353
-139.56150783277118
-140.2478173628049
-145.57294832103662
-145.29857142177443
-144.80065713646795
-142.71261770827985
-140.26986064578307
-138.69366900703608
-139.4920488666139
-138.80252593461708
-138.69437437854003
-139.01271191582765
-139.01194920087798
-137.1512322488253
-139.54215831389578
-139.809628815062
-141.14105108615828
-143.53258802098878
-142.60063273972946
-143.7645947753457
-148.99871908882494
-147.25879594349541
-151.14326818688568
-150.17467209567252
-150.04419176993216
-147.8815402637362
-147.88864784791204
-145.07532897703732
-145.43080923841507
-142.58496068411014
-143.86986304306353
-147.1776712604797
-148.06701098485092
-150.40299032575987
-148.51881090621427
-150.6476822518414
-149.9488213167309
-148.27189203772704
-146.7555785154634
-150.4302438045356
-151.72442917626344
-150.18096342568762
-150.89010562014636
-156.17669928293756
-156.5860973259613
-164.17093148640362
-173.4006755972194
-174.69663506138622
-178.61483695770303
-178.63794674024086
-181.4796699358264
-181.8108897396768
-186.5622363552962
-186.5885021739784
-181.6931920435397
-187.7716005209273
-188.74530448967167
-186.72058622029138
-183.8573510470739
-179.42590998424944
-176.46035538519448
-179.6727340620828
-179.27237001835783
-177.33602781725634
-175.09586614822095
-170.7101141793277
-168.387507328568
-168.4242568888539
-165.21880147552267
-161.12567338699128
-160.6981329837718
-159.7562450047455
-159.17087030446075
-174.5206180861931
-175.0893810010215
-175.6240181409602
-178.76657705250258
-175.06058242935242
-187.4169474835913
-187.2119306345758
-193.13921479650122
-191.87086190871113
-186.89861019418845
-183.78469358253713
-180.79761196758488
-178.64975524952976
-178.79076993455794
-178.38332373848445
-176.02032431417538
-176.31910485532484
-174.49995856400534
-178.909961050165
-176.2153633871551
-176.32244158392578
-171.6830950888902
-169.2421093835568
-173.12758282054338
-171.25992785131078
-169.26433218023212
-172.42847224941818
-170.72276391445308
-168.03939807958588
-167.85703419481072
-165.76561214312207
-166.79967541453473
-162.19169488966264
-166.56019319628288
-169.8265816045059
-172.23698670823552
-169.70276750574138
-169.5406014553969
-172.56816536807307
-173.25407544598866
-174.19883091922932
-181.68690106407556
-179.36568700023102
-174.12374578021715
-168.95632103340412
-167.09894177139986
-166.67300526511585
-168.1326249492089
-165.06466745225634
-163.26078740512094
-164.14514016081367
-162.87643175116486
-159.34384584609498
-172.16321509532926
-180.7334221896095
-177.68941685823293
-176.38805184673896
-173.7847687359346
-186.8176826117785
-182.0886216550718
-184.66330435576748
-180.9635060944214
-181.3856957287561
-183.1025539850307
-184.35640074592888
-203.29501670117313
-199.19731569910272
-216.40547675715655
-212.30114815172715
-212.34307926262352
-212.02249450686608
-211.48114483645412
-214.03227614626687
-213.01033957749084
-216.72971920284138
-210.20593605067089
-207.07357988763061
-203.52916509437276
-198.63741518871038
-196.25917027738774
-192.10362006074448
-186.4574028570998
-181.2699586856738
-179.57376116453338
-175.57933549466136
-175.48457536498168
-179.5355008430828
-175.60337079249783
-171.60716854494794
-166.65073843225105
-166.79169412631597
-166.144192478737
-166.01554093001278
-162.834608474212
-162.18453196575928
-157.7934600478137
-153.90585244494488
-152.1715012982482
-154.14121122035328
-154.37273854713206
-151.5303742343041
-149.15855178024586
-147.5290386734311
-148.75729635302525
-147.15185857184372
-144.80274705753308
-142.8345822340811
-140.26450730003623
-138.20863686203404
-142.936118650312
-143.5399515312933
-143.9275544394157
-162.53190117305076
-161.2999871026677
-159.66198787650762
-159.80226860391716
-161.43413248768212
-160.9880845384212
-159.42879946611592
-156.70307149814897
-161.52088720826004
-170.78963397576445
-167.38225593721856
-164.41932058098544
-160.91416134612632
-157.37931166535873
-154.7765529654372
-152.74995978751093
-152.82496220026027
-152.11546446824465
-152.34853660014994
-151.60762440414095
-151.0311669398925
-156.60929692349893
-154.53273910808898
-155.28077476160365
-151.42392827590743
-152.53849257935298
-152.6261830245918
-150.84861204311628
-147.9776953205293
-145.87903360129755
-149.3062915852197
-152.7679140901065
-149.96183924470012
-147.1441288900181
-151.035481156617
-148.93335228721998
-151.21735114998677
-148.62431008098756
-144.74685147612828
-144.04204038756058
-143.01951796430694
-140.91834688644852
-145.72324607326158
-142.19985130886587
-139.6078602303339
-138.49138861651386
-140.021905299523
-142.72059098155162
-148.73735552265853
-152.293114191299
-152.63552733982104
-152.47739569943178
-151.12875195746588
-161.3210268400179
-165.44176522961683
-162.9552593158398
-161.1579437568894
-174.52846713147602
-170.35675910358745
-166.79535355737218
-162.18763234392983
-164.63637440329404
-163.63819193909637
-160.47990042275057
-160.81110639738554
-163.0424400135424
-163.99989361272986
-165.61989999596608
-164.98270599620813
-171.9437436364356
-173.62711901824946
-168.24949187715447
-164.3945223645252
-163.7708510226537
-163.18459996129445
-164.7935239636168
-163.60591252579977
-161.52955777425177
-158.49778430779665
-158.58791724932883
-159.5126422143691
-160.98188368150693
-159.12297066061652
-155.2155924209795
-170.74265687572074
-178.6180974631775
-179.60101161538682
-176.68495091846358
-176.04385386335576
-172.6212226315544
-171.86394927366112
-173.91211231724145
-169.65738557820697
-170.39794244351452
-172.89406589690364
-169.0604219430894
-168.87679662650405
-175.3041888289138
-172.28593749917897
-169.02878124922825
-165.12705437427456
-166.91943111181806
-169.74426524510898
-169.93960933040242
-166.04323277057827
-164.96063880434357
-167.84300047608295
-165.63242044751797
-163.55447522066686
-170.30120670742684
-169.20313430498123
-166.79094624668235
-164.2834894718814
-161.7464801035685
-163.3816912973544
-163.71878981951312
-162.23566243034233
-164.14152268452176
-159.87303132345045
-155.3806494440434
-151.69781047740076
-149.37594184875672
-148.0933853378313
-145.08778221756143
-142.56251528450773
-141.44876436743726
-141.12183850539103
-142.49452819506757
-144.38485650336352
-142.20176511316168
-141.58965920637198
-142.33427965398965
-142.61422287475025
-142.09736950226522
-141.2515273321293
-139.91643569220153
-138.96144955066944
-137.46376257762927
-136.89593682297152
-136.54218061359325
-136.26964977677764
-135.29347079017097
-143.13586254276072
-142.82771079019506
-142.05804814278335
-140.31456525421635
-140.83569133896336
-140.66554985862555
-139.18561686710802
-137.85447985508154
-135.58321106377664
-134.76821839995003
-135.32212529595301
-134.70279777819582
-133.94062991150406
-133.2241921168138
-132.61074058980498
-131.67409615441667
-134.81365038515167
-136.02483136204256
-132.96334148032
-134.40554099150077
-135.2212085320107
-134.42793602009004
-132.96225985888464
-130.86452426735156
-130.57265281131046
-129.15829364263183
-128.06879602407392
-128.72466826262948
-130.7811881668717
-130.7943168768594
-127.56665786424783
-125.01265839239295
-124.17189888884937
-126.9215849555184
-130.22628985818727
-129.85271246669603
-130.10154971869426
-129.6754567355726
-132.81492933143824
-133.36603357155195
-130.40407155725882
-129.71982726382328
-132.31663762799388
-133.19763937031425
-130.5457810080954
-131.89303414760965
-132.85945209875308
-131.6078849728279
-131.5714118744582
-129.6771271619907
-128.97649953227128
-126.937909560335
-125.8016349867149
-125.21353688751199
-124.36072467426126
-124.63908119380558
-125.38073632217724
-126.01789214284659
-127.09681861427579
-130.21100949741924
-131.51834892757407
-130.6472479919196
-128.5084131124044
-131.77790832566015
-135.33123382612052
-137.77135979655327
-134.60507820876006
-133.90877351623445
-133.91424710526036
-132.53939227894475
-130.88702874220806
-129.39380701767556
-129.85017859661502
-128.7191678808181
-128.676017807969
-127.49545673949086
-131.36572933512142
-130.44378557501412
-131.31715844051325
-130.21812893408244
-133.3850411980375
-132.40193872615524
-140.29782240258592
-139.79995305843076
-139.1519558749249
-140.6428385224294
-149.42426821108361
-151.9788121184186
-151.56008339131347
-156.44647838783465
-155.21968968456454
-152.50650830349065
-150.7361178052812
-151.05195073696433
-149.72883369274646
-147.52510367118165
-144.49359745091073
-144.2239816038561
-143.13054270762473
-141.80271014516723
-140.85454753645718
-138.58327468426975
-139.08827820321355
-138.00298151102072
-136.74280262035947
-135.85823446313788
-135.6867403953496
-135.58553597162862
-152.8904038133309
-154.75697958453102
-152.25156080945916
-150.97646716089162
-150.13787913123812
-146.70960638336385
-144.867030000362
-148.05500820034027
-144.93170770831983
-144.39580524582064
-142.0320569310714
-140.59013351520713
-138.6347255042947
-142.616641974037
-144.01964345559477
-145.9384648482591
-143.06215695736353
-148.09842753992172
-169.2125218875264
-169.3197705742748
-170.0805843398183
-169.1757492794292
-166.34520432266342
-163.7444920633036
-164.23982253950535
-161.28543318713503
-163.3683071959069
-161.3062087641525
-161.40783623830333
-157.12336606400513
-158.9159641001648
-157.60100625415492
-155.64494587890562
-156.9862491261713
-161.307074178601
-157.3286497278849
-154.3089307442118
-149.97039489955907
-148.65217120558552
-145.73304093325038
-144.84905847725537
-145.87811496862003
-146.4854280705028
-144.5363023862726
-145.10412424309627
-141.61787678851047
-140.62080418119984
-139.38355593032784
-137.56054257450816
-137.64691002003767
-136.6480954188354
-138.28920969370526
-134.85185711208294
-135.58074568535795
-139.92590094423647
-137.53034688758228
-134.91852607432733
-132.1634145098677
-131.61360963927564
-133.0167930609191
-133.79578547726393
-137.5880383486281
-136.2927560477104
-135.6151906848478
-133.11827924375692
-133.59118248913148
-132.23571153978358
-132.22156884739655
-130.94827471655276
-128.49137823355957
-128.461895539546
-136.05418180717322
-141.63093089874283
-143.51307504481824
-143.48229054212914
-141.71335310960137
-147.91055192302528
-146.17591880764374
-148.20536367918513
-148.55304185843403
-146.83985934692797
-146.4294677861123
-147.12369971894555
-148.19627773580882
-144.5245010716603
-142.39303100736066
-141.82944914691902
-143.69968219810386
-140.8377012662176
-138.20743919024454
-139.39499283882986
-142.49129326850007
-143.06181567239005
-142.39810673204664
-141.77422032812382
-143.46776710843636
-144.8197010819302
-148.01051901701436
-151.72988787599348
-150.24609460343387
-148.31132892722783
-144.81264919159418
-143.9838902400985
-145.00485682569257
-147.584565416151
-145.08949149118195
-142.32412200171103
-143.68467468160836
-142.50359420071186
-142.89337854866915
-143.019775835749
-141.51858928560407
-139.20747392846783
-139.37502549275976
-139.47252396319416
-139.5641725254025
-138.09032217387835
-136.22490284344562
-133.09140867283887
-133.98592415246853
-132.3667687033204
-131.02476258112117
-129.4032768262539
-129.73908021667864
-127.77473540367791
-131.32825127945722
-132.4485562026898
-130.8616428305284
-130.4499442606967
-130.4829476050549
-132.6139707487516
-132.9371325038265
-130.78090455359688
-127.91405028038106
-126.23920726355819
-126.16485482774469
-131.19496353808
-129.2032657257952
-131.83106978224748
-134.90120559531263
-134.72713325959387
-133.06350526401823
-131.85969494817712
-129.76811325128648
-129.2420264562093
-127.12750486883672
-129.09985457670652
-126.69386330210412
-125.15223150397787
-124.6030976137392
-122.40691175691484
-125.62249705149995
-124.56514722840996
-123.63123839470536
-121.31336409102303
-118.35456224556165
-115.93328851082794
-114.85729120017825
-112.94585372816755
-113.7891025044775
-115.30175635420885
-115.10365097295632
-114.67743191457893
-113.97678599970419
-114.75817883972194
-114.05268810933862
-114.9495268227783
-115.13255521341159
-112.90460190060688
-111.65032578657045
-112.57130623937623
-111.57702786501365
-110.34240619311282
-108.34186182152605
-106.94135011223447
-106.2848691055004
-105.36777695917037
-108.94571034162014
-107.56896772112293
-106.99482965785555
-105.4351398783842
-105.76903148568114
-106.50288959654027
-108.45271622074786
-109.74555324750298
-109.82082005265279
-109.71157084949363
-110.328876598524
-111.32914400261257
-110.9493953624558
-111.49243164070845
-109.54288574226592
-108.43031259772995
-107.38449384186615
-106.88142421135417
-108.68853875867292
-111.04722643315253
-111.16439284716337
-112.95452927633356
-111.81725751975354
-111.70822206856832
-113.94572874445421
-114.42898501978695
-116.20324591859973
-114.75105116348374
-114.04598809367471
-117.04322880805422
-120.04063507957096
-123.0381969747967
-121.23590515630889
-118.94175084693035
-116.72524579611452
-117.40173104834764
-117.13762718544677
-121.50936955431997
-124.17880738106076
-125.24807893819711
-123.79319420190528
-123.44560254979095
-120.95886639680349
-121.62133441299527
-119.24405434821554
-117.9694110873226
-118.21124642208324
-117.59857163675824
-119.00265733855274
-119.48249789823957
-124.6735480243452
-129.19313514288447
-129.3015470343114
-126.10345421225271
-123.75724695951754
-126.89181214194649
-124.1983034134297
-122.08640520862392
-120.28122089610648
-119.18434764234009
-117.55328678379966
-116.50008957677167
-115.87008420216536
-115.75787915003544
-118.8324064010333
-120.2824620169713
-117.92551429595301
-116.60998343819583
-118.19338443190406
-119.5617813659898
-119.76807448403041
-119.48199001498858
-123.05307061408925
-122.14988637724389
-122.32089319460925
-120.92163960293269
-121.64634122675672
-120.46756075315132
-121.99950710796223
-119.35953668148449
-119.27796448059541
-118.84128661175968
-117.3508094150541
-116.24976085015085
-115.21477519914178
-114.30188868719327
-113.14377536596167
-111.15514884400396
-108.20583991336372
-109.63348951856189
-113.37548014744817
-111.55295133860128
-111.0997742582852
-110.07378780278808
-107.7293605346208
-105.82559890254355
-105.83606296839093
-105.78589919028747
-104.65874523887021
-102.819220524538
-101.51006729306572
-101.35946325548177
-102.59789546015286
-102.26202173254367
-105.18630042859105
-106.67512240287559
-105.49461505870305
-104.08493815518086
-105.75984186587002
-105.47425135391781
-106.22579627268273
-108.49224849632176
-112.36271358654245
-112.3409507713499
-111.1204937250689
-109.61326410156475
-108.67646825547087
-107.9758801601426
-108.75732735053404
-110.211887709502
-108.33917444693186
-111.31882398011595
-111.05969454130899
-112.55611286883044
-111.7427460967006
-113.01818133089856
-115.59709045104464
-116.04126502398195
-114.77878912254303
-115.87206177519045
-120.079738068679
-117.43495378455826
-118.36885655748476
-117.08672516403566
-118.64152165419351
-122.5630303549419
-124.38924853364537
-123.58589362162664
-127.63074000432903
-131.1928956040693
-135.74132186782512
-134.5568425557556
-132.06343200241025
-132.35962608226563
-136.8980485173297
-149.08416560628993
-144.93911566991252
-148.54276872971778
-149.6502026059347
-147.93119044957862
-148.8353190226039
-148.06519988124765
-148.66128788837278
-151.92161061507042
-152.70631397816618
-153.4439351394762
-150.71729903110761
-165.55426108924115
-163.78100542388668
-164.75414509845348
-161.52889639254624
-160.53716260899344
-159.48493285245385
-158.8558368813066
-177.52448666842818
-173.05301746832248
-169.32983642022313
-165.5900462350097
-165.3746434609091
-163.25216485325456
-160.59703496205927
-157.2012128643357
-152.98914009247554
-148.18979168692698
-147.87840418571136
-147.58569993456868
-146.71055793849453
-146.78792446218486
-145.78064899445377
-145.37381005478653
-142.41138145149932
-144.00669856440933
-147.54629665054478
-146.31351885151207
-145.21470772042136
-148.14182525719605
-151.97331574176428
-147.59491679725843
-145.81922178942293
-146.55006848205753
-143.99706437313407
-144.057240510746
-145.97380608010124
-151.73537771529516
-150.61125505237743
-149.37457974923478
-146.5921049642807
-144.75657866642388
-142.19118394643843
-141.6397129096521
-143.40133013507295
-142.35725032696857
-142.69581530735044
-139.2940663889094
-135.49642240557483
-132.22663706124035
-130.17303883756594
-130.40265650731197
-132.41849711687325
-137.13338728986085
-134.6653840524692
-135.64546100932102
-133.68673334876175
-135.86552934783603
-135.93359758696585
-132.03758173174788
-135.57532682784299
-133.6208072181724
-130.70355878508204
-132.2213452579771
-132.50806454249846
-129.53758066994854
-131.48532582975162
-134.27620627996652
-137.97963390316852
-137.8608558689784
-137.3892045168397
-137.6058522458293
-143.26950111107953
-144.03333104441475
-150.27133118174984
-146.53505131084484
-151.06294823219412
-151.23917133826248
-150.02482105796673
-150.20333179448872
-152.23113188681938
-159.5972639736102
-159.50142813519358
-157.61134244708197
-159.85466190025704
-155.9033821862416
-159.5091792550671
-157.61862849976308
-157.22151078977728
-161.34822014239063
-165.1673269338472
-178.23728731781634
-175.88305007874735
-173.19006707402252
-170.65866304958115
-166.4791432666063
-166.0303946706099
-163.2685709903733
-161.2124567309509
-162.99970932709383
-160.59972676746818
-158.8237431614201
-154.93431857173488
-153.37825945743077
-150.8955638899849
-150.42183005658583
-149.49652025319068
-146.70672903799925
-145.2843252957193
-144.06726577797613
-144.06322983129758
-146.6394360414197
-145.8210698789345
-142.8918056861984
-139.4182973450265
-136.57319950432492
-137.07880753406542
-137.55407908202147
-137.8808343371002
-138.96798427687418
-139.56990522026172
-137.135710907046
-138.26756825262322
-137.89151415746582
-139.21802330801785
-137.58494190953678
-136.46984539496455
-132.84165467126667
-132.37115539099068
-130.54888606753124
-129.07595290347936
-128.3513957292706
-127.61031198551434
-128.5336932663835
-130.5416716704005
-130.44917137017646
-130.06222108796587
-135.4584878226879
-134.05097855332664
-133.44791984012704
-137.14104464971942
-147.09258197073626
-145.10702705249207
-143.30060542934254
-148.382569103582
-155.37961495736707
-153.13683805992505
-152.76862777632954
-155.36251010974973
-157.26075950316473
-154.84511393297484
-151.61440709699633
-151.09754267117657
-150.01169011090596
-147.0709887042516
-146.16672938199648
-141.77672561907667
-137.77012208193207
-135.62391475701614
-134.92647987159518
-132.05089107929948
-131.5678376145415
-132.133767357669
-140.16574131620885
-138.53579683723632
-137.18364902700213
-138.732630085382
-139.76867228025907
-139.3625519434435
-142.04079882683686
-137.95835089722664
-136.220849843393
-132.66759885278944
-133.16754292162207
-134.11749034632476
-134.05044092554527
-134.76741447001254
-134.24136960181178
-133.26688742570306
-135.7708741801609
-141.30462172935123
-137.56634442559016
-137.05236376005476
-137.16922193445146
-135.29906861838435
-134.6811245012813
-132.54025703120442
-130.46784160933214
-127.3197711127722
-125.86058484600585
-122.9289497552455
-122.81321276993077
-120.00442000373492
-118.02415480351083
-116.52270551530017
-115.23134318438215
-113.89746259331922
-111.26361483772006
-110.64779794745685
-108.44893007060944
-107.04199426637285
-108.11947461039048
-109.37230613376704
-109.28996776574101
-109.27256969979655
-108.29621551780875
-108.57844258674022
-108.2437360315358
-106.30911186964366
-105.39056515746503
-104.46713124801713
-104.8591033731361
-104.14755717074792
-106.53870374050304
-107.82638151607284
-109.27679862510847
-109.02019070760196
-107.33897926514584
-108.09864050923709
-106.59272207868285
-106.79715875396187
-107.94932922872415
-106.9323694750007
-106.69642730650065
-107.79464166811061
-106.42696316802396
-105.38134537794252
-108.23846465526597
-107.08415677595
-107.679107369393
-105.71836092722941
-104.65525927159564
-104.8559437152999
-105.3445870923819
-106.10391186683898
-105.19767715482864
-105.12581652553891
-107.15826753400657
-106.60877148196616
-105.1922451930482
-105.06071048146529
-104.63706785257736
-105.8588437814227
-104.78731315453734
-105.88007436526509
-104.68726990334918
-102.90603370914822
-102.73167168659931
-102.14777138540335
-104.59890510227913
-105.16297079614239
-104.43319254837384
-104.2272009954714
-104.21356893574311
-104.74075479959852
-104.63630951162261
-106.69813094092525
-106.83624308446974
-106.06606849940155
-104.92210438943745
-103.7867781260712
-110.51957143850692
-110.4283971521965
-110.2826933230647
-109.78573172368083
-108.65858782025997
-107.65907255104436
-107.9795281979817
-107.20075650610279
-105.92871111573662
-104.67298844879241
-105.23260914186486
-108.15865259335295
-105.50913343775177
-112.43858543148666
-111.81227030559745
-110.20353408726159
-108.45132204202588
-107.58424271950432
-109.40918815633405
-108.124636866954
-106.19715865493676
-106.84532913564054
-112.85460938750211
-113.28333282425199
-112.24633285479686
-111.57155288350904
-110.69725971049849
-110.95542412786858
-111.07809868019646
-113.71341275938467
-115.65060799382158
-116.09157151419228
-116.08607722334074
-119.3809125899403
-120.13805783454387
-119.58977436447122
-117.99438790260294
-117.27472462844675
-115.51824115073994
-114.46714668169554
-115.1591178807938
-113.52957080794617
-114.39779655946938
-112.15392876590121
-111.30469303994713
-110.08641145755028
-108.58122677009726
-107.70635316389142
-108.44397197405793
-109.49733365561445
-109.34749363627758
-109.74664401810091
-108.26184537701484
-108.42613465439393
-107.08056657513029
-107.13573258062247
-108.56758862578512
-107.513533308238
-105.8627213097437
-106.17095803115907
-105.98070054928954
-105.86185851633215
-108.0301470053522
-110.36833818503106
-109.0862378939292
-113.40106362029344
-111.21699980307584
-109.70397981489128
-109.54174102599781
-109.56923656443793
-108.69508237057165
-106.61337742833734
-107.3565747826371
-107.87518029567886
-110.70266947793812
-110.72050930926181
-110.1372787507061
-113.18904202566372
-115.99769950412389
-124.15783753387645
-122.22836728184384
-121.5546652449332
-120.74138533023721
-119.91690221042298
-120.70188807779759
-120.65977479312973
-120.80018830554194
-119.55217700720941
-118.37904638677684
-123.4563036035702
-122.108925387356
-120.84238986411464
-120.07184647226775
-119.76753568393168
-120.38148354289578
-126.35859453032202
-124.8970788585027
-123.04325412699252
-125.38065887937296
-124.33781934661057
-124.01755018581393
-121.6164971746651
-121.69950734418518
-121.89753690353406
-124.00368468932201
-123.52346360796268
-122.71205579148491
-120.0893324439958
-118.58397249735604
-118.48893414751467
-116.71959809866378
-116.19642221274395
-113.66463687997931
-111.52475866718055
-110.77327314714971
-111.62687675832072
-120.04926415282148
-136.18630830365217
-134.73512980543302
-135.11102201710702
-138.5843606960806
-136.02929905431574
-132.4875411110568
-130.6582886443934
-131.8787913257298
-131.226063846186
-131.15250001541486
-129.10335001448996
-125.97714901362056
-123.45852007280332
-120.55100886843512
-118.23794833632901
-116.84367143614926
-117.09305114998031
-116.96746808098149
-115.8894199961226
-129.75605479635524
-129.71069150857392
-128.2280500180595
-127.67436701697592
-127.93390499595736
-126.85787069619991
-134.7263984544279
-133.18281454716222
-130.5918456743325
-128.99633493387253
-129.35655483784018
-128.67516154756976
-128.75465185471558
-135.18937274343264
-134.39801037882668
-131.01412975609708
-129.03328197073125
-127.29128505248737
-125.35380794933812
-127.49257947237783
