9.0
8.0
10.0
8.0
9.0
10.0
9.0
10.0
12.0
8.0
10.0
10.0
12.0
10.0
11.0
10.0
10.0
8.0
10.0
9.0
9.0
10.0
10.0
12.0
9.0
9.0
9.0
10.0
10.0
10.0
9.0
12.0
11.0
9.0
11.0
10.0
10.0
8.0
10.0
11.0
10.0
10.0
9.0
9.0
8.0
10.0
8.0
10.0
9.0
9.0
11.0
9.0
12.0
8.0
14.0
10.0
11.0
9.0
11.0
10.0
9.0
10.0
10.0
8.0
9.0
9.0
9.0
10.0
10.0
8.0
10.0
9.0
8.0
9.0
12.0
9.0
10.0
9.0
10.0
10.0
9.0
9.0
10.0
9.0
9.0
10.0
10.0
10.0
8.0
12.0
9.0
9.0
9.0
9.0
11.0
10.0
10.0
9.0
9.0
9.0
11.0
10.0
11.0
10.0
11.0
9.0
12.0
11.0
10.0
10.0
10.0
19.0
10.0
10.0
10.0
15.0
12.0
12.0
13.0
11.0
10.0
10.0
9.0
11.0
11.0
16.0
12.0
10.0
12.0
9.0
11.0
12.0
12.0
10.0
10.0
9.0
10.0
10.0
9.0
10.0
9.0
12.0
12.0
10.0
10.0
9.0
8.0
8.0
10.0
10.0
9.0
10.0
11.0
12.0
12.0
9.0
10.0
11.0
10.0
10.0
10.0
9.0
9.0
10.0
10.0
9.0
10.0
10.0
10.0
9.0
8.0
10.0
9.0
8.0
10.0
10.0
10.0
11.0
8.0
10.0
10.0
8.0
9.0
10.0
8.0
10.0
9.0
8.0
9.0
10.0
8.0
10.0
9.0
8.0
8.0
8.0
9.0
9.0
8.0
10.0
10.0
10.0
12.0
10.0
9.0
10.0
11.0
15.0
10.0
10.0
10.0
12.0
8.0
9.0
11.0
11.0
9.0
11.0
10.0
9.0
11.0
10.0
8.0
9.0
11.0
9.0
8.0
10.0
12.0
11.0
9.0
10.0
9.0
9.0
11.0
11.0
9.0
9.0
9.0
10.0
9.0
10.0
10.0
12.0
9.0
10.0
11.0
10.0
8.0
10.0
12.0
10.0
15.0
12.0
11.0
11.0
10.0
16.0
10.0
11.0
9.0
23.0
10.0
22.0
21.0
18.0
42.0
29.0
36.0
36.0
62.0
82.0
36.0
36.0
36.0
54.0
115.0
38.0
13.0
59.0
24.0
37.0
61.0
24.0
25.0
12.0
32.0
126.0
143.0
27.0
14.0
102.0
48.0
105.0
100.0
13.0
12.0
10.0
11.0
21.0
11.0
11.0
13.0
11.0
11.0
14.0
14.0
13.0
23.0
15.0
13.0
12.0
42.0
10.0
13.0
11.0
10.0
12.0
44.0
78.0
13.0
95.0
10.0
10.0
124.0
11.0
125.0
200.0
152.0
102.0
58.0
26.0
74.0
69.0
108.0
131.0
123.0
135.0
107.0
76.0
62.0
75.0
18.0
99.0
85.0
98.0
120.0
101.0
108.0
133.0
200.0
122.0
142.0
150.0
75.0
129.0
144.0
120.0
200.0
184.0
141.0
181.0
200.0
180.0
153.0
101.0
71.0
159.0
154.0
200.0
200.0
200.0
200.0
200.0
200.0
139.0
200.0
200.0
200.0
200.0
200.0
200.0
200.0
114.0
200.0
200.0
140.0
118.0
118.0
115.0
37.0
121.0
123.0
200.0
200.0
126.0
116.0
126.0
99.0
73.0
77.0
40.0
35.0
48.0
32.0
114.0
200.0
200.0
16.0
200.0
17.0
16.0
16.0
15.0
16.0
17.0
18.0
18.0
14.0
15.0
14.0
16.0
18.0
20.0
15.0
15.0
16.0
16.0
14.0
16.0
13.0
11.0
16.0
15.0
14.0
14.0
13.0
15.0
19.0
17.0
19.0
14.0
15.0
14.0
16.0
14.0
15.0
16.0
17.0
13.0
16.0
12.0
19.0
20.0
18.0
16.0
16.0
17.0
17.0
14.0
17.0
16.0
15.0
14.0
14.0
15.0
16.0
15.0
17.0
16.0
16.0
12.0
16.0
18.0
14.0
15.0
14.0
14.0
17.0
13.0
15.0
16.0
17.0
31.0
41.0
14.0
14.0
13.0
15.0
16.0
200.0
200.0
200.0
118.0
200.0
199.0
200.0
163.0
148.0
200.0
200.0
200.0
200.0
200.0
200.0
200.0
200.0
143.0
200.0
200.0
155.0
200.0
200.0
91.0
91.0
171.0
160.0
200.0
200.0
200.0
200.0
200.0
111.0
200.0
193.0
200.0
105.0
80.0
118.0
200.0
200.0
200.0
200.0
200.0
200.0
200.0
200.0
155.0
200.0
200.0
200.0
32.0
200.0
200.0
200.0
200.0
200.0
200.0
20.0
170.0
50.0
79.0
136.0
26.0
17.0
29.0
94.0
20.0
23.0
20.0
15.0
22.0
58.0
29.0
108.0
113.0
17.0
18.0
15.0
13.0
57.0
13.0
51.0
200.0
13.0
113.0
60.0
27.0
16.0
21.0
13.0
113.0
119.0
9.0
200.0
54.0
27.0
13.0
14.0
23.0
14.0
11.0
15.0
20.0
115.0
110.0
63.0
49.0
88.0
50.0
200.0
200.0
109.0
200.0
200.0
200.0
90.0
200.0
25.0
200.0
200.0
200.0
200.0
200.0
200.0
200.0
184.0
115.0
200.0
60.0
123.0
200.0
200.0
153.0
200.0
117.0
105.0
200.0
12.0
200.0
133.0
99.0
185.0
35.0
64.0
198.0
91.0
96.0
200.0
200.0
130.0
199.0
41.0
198.0
200.0
90.0
135.0
73.0
180.0
187.0
200.0
200.0
200.0
200.0
182.0
200.0
200.0
200.0
200.0
200.0
114.0
191.0
43.0
52.0
158.0
38.0
84.0
63.0
51.0
81.0
74.0
105.0
119.0
113.0
142.0
200.0
200.0
200.0
38.0
200.0
200.0
50.0
117.0
51.0
141.0
200.0
200.0
20.0
200.0
19.0
164.0
143.0
200.0
200.0
61.0
200.0
200.0
200.0
200.0
200.0
200.0
192.0
200.0
200.0
199.0
200.0
200.0
200.0
200.0
200.0
151.0
72.0
77.0
103.0
58.0
112.0
70.0
151.0
200.0
97.0
200.0
200.0
200.0
200.0
200.0
160.0
200.0
200.0
64.0
146.0
200.0
191.0
155.0
200.0
114.0
163.0
200.0
200.0
200.0
95.0
200.0
200.0
200.0
200.0
200.0
200.0
200.0
102.0
102.0
200.0
32.0
31.0
90.0
69.0
200.0
200.0
200.0
200.0
200.0
200.0
17.0
35.0
200.0
200.0
200.0
200.0
200.0
183.0
200.0
200.0
200.0
200.0
200.0
200.0
121.0
111.0
200.0
123.0
146.0
200.0
200.0
200.0
24.0
20.0
13.0
200.0
200.0
52.0
200.0
200.0
48.0
171.0
200.0
200.0
200.0
200.0
200.0
143.0
123.0
200.0
133.0
141.0
200.0
200.0
15.0
200.0
10.0
37.0
200.0
200.0
101.0
118.0
61.0
15.0
146.0
183.0
132.0
118.0
163.0
200.0
30.0
200.0
200.0
23.0
200.0
72.0
200.0
200.0
200.0
200.0
200.0
200.0
191.0
166.0
200.0
160.0
93.0
200.0
197.0
175.0
200.0
155.0
15.0
159.0
200.0
184.0
98.0
199.0
198.0
121.0
114.0
113.0
51.0
64.0
179.0
152.0
200.0
200.0
200.0
200.0
110.0
118.0
125.0
82.0
165.0
84.0
110.0
115.0
20.0
93.0
59.0
112.0
110.0
110.0
79.0
200.0
107.0
18.0
42.0
115.0
177.0
34.0
113.0
55.0
111.0
46.0
200.0
200.0
159.0
133.0
200.0
200.0
200.0
200.0
27.0
200.0
177.0
113.0
175.0
196.0
170.0
32.0
150.0
45.0
200.0
200.0
200.0
158.0
131.0
96.0
14.0
144.0
200.0
200.0
116.0
191.0
162.0
32.0
49.0
33.0
159.0
116.0
184.0
200.0
179.0
200.0
185.0
126.0
123.0
34.0
61.0
42.0
200.0
67.0
109.0
200.0
26.0
113.0
126.0
145.0
180.0
121.0
20.0
126.0
14.0
110.0
114.0
15.0
95.0
19.0
31.0
20.0
17.0
12.0
25.0
23.0
32.0
36.0
99.0
95.0
116.0
200.0
200.0
17.0
39.0
108.0
106.0
106.0
200.0
87.0
156.0
45.0
117.0
102.0
200.0
97.0
100.0
200.0
200.0
170.0
113.0
113.0
200.0
154.0
141.0
113.0
159.0
143.0
26.0
109.0
32.0
105.0
132.0
78.0
118.0
32.0
115.0
19.0
20.0
14.0
35.0
120.0
131.0
87.0
73.0
109.0
108.0
114.0
200.0
140.0
35.0
144.0
200.0
103.0
96.0
103.0
98.0
189.0
109.0
149.0
33.0
106.0
104.0
109.0
200.0
109.0
102.0
144.0
34.0
10.0
118.0
161.0
105.0
113.0
116.0
200.0
169.0
109.0
109.0
108.0
106.0
112.0
13.0
111.0
200.0
200.0
176.0
119.0
200.0
200.0
39.0
100.0
74.0
200.0
200.0
43.0
200.0
133.0
115.0
127.0
113.0
101.0
95.0
71.0
101.0
95.0
105.0
107.0
114.0
174.0
113.0
106.0
24.0
200.0
138.0
200.0
102.0
117.0
110.0
110.0
149.0
200.0
164.0
122.0
37.0
13.0
124.0
111.0
117.0
145.0
168.0
134.0
109.0
160.0
200.0
200.0
90.0
103.0
51.0
200.0
44.0
127.0
200.0
157.0
200.0
87.0
96.0
200.0
25.0
123.0
200.0
40.0
180.0
200.0
108.0
200.0
114.0
200.0
200.0
62.0
185.0
99.0
176.0
200.0
122.0
187.0
200.0
44.0
148.0
200.0
200.0
200.0
200.0
48.0
61.0
19.0
30.0
21.0
15.0
23.0
46.0
18.0
132.0
59.0
200.0
135.0
67.0
18.0
24.0
32.0
17.0
41.0
39.0
31.0
23.0
34.0
34.0
181.0
21.0
30.0
200.0
154.0
189.0
200.0
200.0
200.0
115.0
32.0
28.0
27.0
108.0
31.0
114.0
34.0
78.0
25.0
111.0
118.0
117.0
32.0
18.0
114.0
71.0
32.0
17.0
200.0
200.0
200.0
158.0
120.0
139.0
128.0
200.0
126.0
116.0
130.0
147.0
115.0
114.0
200.0
200.0
200.0
152.0
52.0
31.0
43.0
200.0
200.0
92.0
90.0
200.0
200.0
171.0
102.0
200.0
66.0
200.0
30.0
127.0
110.0
124.0
116.0
43.0
69.0
112.0
200.0
200.0
96.0
200.0
34.0
84.0
200.0
200.0
77.0
127.0
126.0
200.0
116.0
38.0
139.0
50.0
83.0
72.0
28.0
119.0
200.0
200.0
31.0
125.0
19.0
21.0
18.0
149.0
17.0
18.0
23.0
84.0
17.0
200.0
195.0
149.0
125.0
200.0
14.0
25.0
86.0
59.0
200.0
74.0
138.0
59.0
107.0
74.0
21.0
67.0
162.0
70.0
81.0
68.0
75.0
85.0
46.0
20.0
124.0
200.0
161.0
111.0
200.0
17.0
164.0
200.0
26.0
21.0
56.0
16.0
157.0
159.0
145.0
150.0
165.0
54.0
200.0
110.0
163.0
13.0
100.0
26.0
122.0
200.0
128.0
51.0
158.0
15.0
200.0
200.0
127.0
42.0
112.0
43.0
200.0
19.0
200.0
108.0
130.0
128.0
200.0
139.0
70.0
50.0
200.0
194.0
141.0
94.0
130.0
128.0
158.0
200.0
150.0
200.0
182.0
51.0
200.0
200.0
172.0
200.0
138.0
108.0
200.0
200.0
135.0
200.0
200.0
200.0
200.0
200.0
200.0
200.0
200.0
200.0
200.0
200.0
200.0
200.0
200.0
140.0
200.0
200.0
200.0
200.0
94.0
200.0
200.0
161.0
28.0
200.0
200.0
86.0
46.0
200.0
44.0
34.0
200.0
200.0
200.0
200.0
200.0
34.0
200.0
200.0
200.0
200.0
83.0
19.0
200.0
200.0
200.0
200.0
200.0
200.0
23.0
200.0
16.0
70.0
148.0
200.0
200.0
128.0
200.0
200.0
68.0
169.0
90.0
200.0
200.0
200.0
93.0
97.0
200.0
20.0
93.0
13.0
67.0
14.0
200.0
14.0
12.0
200.0
20.0
43.0
87.0
86.0
200.0
200.0
200.0
200.0
200.0
200.0
79.0
200.0
200.0
91.0
200.0
200.0
184.0
200.0
134.0
114.0
16.0
120.0
34.0
110.0
107.0
99.0
176.0
200.0
114.0
87.0
115.0
200.0
200.0
200.0
161.0
106.0
124.0
42.0
28.0
26.0
112.0
145.0
200.0
125.0
200.0
84.0
159.0
157.0
125.0
104.0
40.0
134.0
123.0
76.0
137.0
155.0
65.0
120.0
148.0
95.0
191.0
200.0
131.0
200.0
26.0
68.0
123.0
144.0
175.0
12.0
200.0
118.0
110.0
97.0
48.0
200.0
104.0
120.0
119.0
14.0
99.0
200.0
15.0
12.0
19.0
32.0
101.0
188.0
156.0
114.0
171.0
21.0
200.0
102.0
106.0
129.0
72.0
125.0
200.0
137.0
153.0
138.0
33.0
200.0
149.0
200.0
108.0
200.0
15.0
200.0
200.0
87.0
200.0
91.0
200.0
200.0
200.0
200.0
50.0
200.0
76.0
58.0
63.0
131.0
83.0
122.0
116.0
77.0
200.0
148.0
127.0
200.0
200.0
50.0
200.0
127.0
200.0
103.0
200.0
150.0
200.0
150.0
105.0
87.0
200.0
200.0
114.0
143.0
172.0
131.0
200.0
56.0
106.0
145.0
180.0
61.0
200.0
193.0
120.0
200.0
154.0
200.0
200.0
200.0
200.0
200.0
200.0
159.0
123.0
200.0
159.0
121.0
200.0
200.0
200.0
154.0
24.0
133.0
119.0
27.0
119.0
200.0
29.0
40.0
51.0
116.0
200.0
200.0
180.0
200.0
182.0
200.0
48.0
165.0
138.0
200.0
200.0
200.0
144.0
93.0
200.0
119.0
114.0
116.0
140.0
115.0
148.0
200.0
168.0
200.0
135.0
156.0
200.0
110.0
28.0
164.0
83.0
200.0
190.0
117.0
200.0
174.0
200.0
146.0
133.0
128.0
109.0
25.0
23.0
99.0
19.0
26.0
23.0
115.0
35.0
33.0
113.0
106.0
36.0
19.0
95.0
120.0
122.0
100.0
18.0
29.0
148.0
16.0
84.0
200.0
200.0
144.0
136.0
116.0
200.0
158.0
125.0
164.0
95.0
103.0
152.0
157.0
148.0
200.0
200.0
164.0
200.0
121.0
87.0
200.0
200.0
200.0
60.0
200.0
29.0
58.0
131.0
200.0
160.0
31.0
35.0
27.0
21.0
152.0
160.0
94.0
116.0
42.0
126.0
114.0
112.0
125.0
107.0
113.0
200.0
139.0
200.0
188.0
57.0
24.0
13.0
17.0
110.0
101.0
140.0
114.0
121.0
200.0
200.0
80.0
19.0
18.0
97.0
158.0
200.0
89.0
61.0
200.0
70.0
200.0
76.0
200.0
127.0
129.0
108.0
120.0
43.0
110.0
101.0
104.0
123.0
117.0
105.0
34.0
115.0
84.0
39.0
149.0
122.0
111.0
119.0
122.0
136.0
148.0
143.0
200.0
107.0
178.0
140.0
49.0
122.0
128.0
114.0
113.0
118.0
130.0
127.0
152.0
155.0
162.0
144.0
116.0
105.0
127.0
200.0
200.0
50.0
195.0
200.0
15.0
98.0
23.0
200.0
200.0
200.0
150.0
200.0
154.0
136.0
117.0
165.0
176.0
124.0
200.0
200.0
184.0
200.0
200.0
108.0
115.0
200.0
126.0
145.0
86.0
123.0
32.0
200.0
136.0
122.0
120.0
90.0
82.0
200.0
40.0
57.0
200.0
103.0
136.0
200.0
200.0
118.0
155.0
200.0
108.0
92.0
200.0
69.0
52.0
200.0
22.0
24.0
29.0
136.0
27.0
200.0
152.0
200.0
200.0
200.0
174.0
200.0
56.0
200.0
200.0
200.0
125.0
200.0
200.0
87.0
150.0
132.0
107.0
108.0
85.0
74.0
134.0
112.0
103.0
40.0
108.0
200.0
200.0
135.0
200.0
137.0
72.0
41.0
200.0
200.0
134.0
133.0
106.0
97.0
29.0
113.0
13.0
105.0
129.0
30.0
127.0
86.0
117.0
155.0
132.0
127.0
120.0
16.0
200.0
170.0
114.0
113.0
107.0
118.0
122.0
67.0
168.0
119.0
121.0
139.0
39.0
125.0
158.0
200.0
111.0
54.0
110.0
81.0
115.0
45.0
127.0
18.0
103.0
102.0
12.0
12.0
111.0
14.0
111.0
200.0
16.0
200.0
200.0
35.0
156.0
26.0
139.0
30.0
125.0
141.0
108.0
89.0
200.0
100.0
200.0
84.0
125.0
200.0
134.0
135.0
131.0
167.0
110.0
115.0
105.0
110.0
140.0
98.0
101.0
137.0
28.0
155.0
145.0
120.0
111.0
200.0
91.0
147.0
119.0
103.0
168.0
135.0
116.0
21.0
112.0
106.0
45.0
109.0
121.0
87.0
109.0
33.0
200.0
200.0
139.0
36.0
44.0
16.0
64.0
121.0
117.0
132.0
28.0
136.0
