9.0
8.94
9.003599999999999
8.943383999999998
8.946780959999998
9.009974102399998
9.009375656255997
9.068813116880637
9.244684329867798
9.17000327007573
9.219803073871185
9.266614889438914
9.430617996072579
9.464780916308223
9.556894061329729
9.583480417649945
9.608471592590947
9.51196329703549
9.541245499213359
9.508770769260558
9.478244523104923
9.509549851718626
9.538976860615508
9.686638248978577
9.645439954039862
9.60671355679747
9.57031074338962
9.596092098786242
9.620326572859067
9.643106978487522
9.604520559778269
9.748249326191573
9.823354366620078
9.773953104622873
9.8475159183455
9.85666496324477
9.865265065450082
9.753349161523078
9.768148211831692
9.84205931912179
9.851535759974482
9.860443614376011
9.80881699751345
9.760287977662642
9.654670699002883
9.67539045706271
9.574867029638947
9.60037500786061
9.564352507388971
9.530491356945632
9.618661875528893
9.58154216299716
9.72664963321733
9.62305065522429
9.885667615910831
9.89252755895618
9.958975905418809
9.90143735109368
9.967351110028059
9.969310043426374
9.911151440820792
9.916482354371544
9.92149341310925
9.806203808322694
9.757831579823332
9.712361685033933
9.669619983931895
9.68944278489598
9.70807621780222
9.605591644734087
9.629256146050041
9.591500777287038
9.496010730649816
9.466250086810827
9.618275081602178
9.581178576706048
9.606307862103684
9.569929390377464
9.595733626954814
9.619989609337525
9.582790232777274
9.547822818810637
9.574953449681997
9.540456242701076
9.50802886813901
9.53754713605067
9.565294307887628
9.59137664941437
9.495894050449508
9.646140407422537
9.607371982977185
9.570929663998552
9.536673884158638
9.50447345110912
9.594205044042573
9.618552741400018
9.641439576916015
9.602953202301055
9.566776010162993
9.532769449553214
9.62080328258002
9.643555085625218
9.724941780487704
9.74144527365844
9.816958557238934
9.767941043804598
9.901864581176323
9.967752706305744
9.969687543927398
9.971506291291753
9.973215913814247
10.514822958985393
10.48393358144627
10.454897566559492
10.42760371256592
10.701947489811966
10.779830640423247
10.853040801997853
10.98185835387798
10.9829468526453
10.923970041486582
10.868531838997386
10.756419928657543
10.77103473293809
10.784772648961805
11.097686290024097
11.151825112622651
11.08271560586529
11.137752669513374
11.00948750934257
11.008918258782016
11.068383163255096
11.12428017345979
11.056823363052201
10.993413961269068
10.873809123592924
10.821380576177347
10.772097741606705
10.665771877110302
10.625825564483684
10.528276030614663
10.616579468777783
10.699584700651116
10.657609618612048
10.618153041495324
10.521063859005604
10.369800027465267
10.22761202581735
10.213955304268309
10.201117986012209
10.129050906851475
10.121307852440387
10.174029381293963
10.283587618416325
10.386572361311346
10.303378019632664
10.285175338454703
10.328064818147421
10.308380929058576
10.28987807331506
10.272485388916156
10.196136265581185
10.124368089646314
10.116906004267534
10.109891644011482
10.043298145370791
10.040700256648543
10.03825824124963
10.035962746774652
9.973804981968172
9.855376683050082
9.864054082067076
9.812210837143052
9.703478186914468
9.7212694956996
9.737993325957623
9.753713726400164
9.828490902816155
9.718781448647185
9.735654561728353
9.75151528802465
9.646424370743171
9.60763890849858
9.631180573988663
9.533309739549344
9.561311155176382
9.527632485865798
9.43597453671385
9.40981606451102
9.445227100640357
9.358513474601937
9.39700266612582
9.373182506158269
9.290791555788772
9.213344062441445
9.140543418694959
9.13211081357326
9.124184164758862
9.05673311487333
9.11332912798093
9.166529380302073
9.216537617483947
9.38354536043491
9.420532638808815
9.395300680480286
9.431582639651468
9.52568768127238
9.854146420396038
9.862897635172274
9.871123777061937
9.87885635043822
10.006124969411927
9.88575747124721
9.832612022972377
9.902655301594034
9.968495983498393
9.910386224488487
9.975763051019177
9.977217267958025
9.918584231880544
9.983469177967711
9.984461027289647
9.865393365652269
9.813469763713133
9.884661577890345
9.831581883216924
9.721686970223908
9.738385752010473
9.874082606889845
9.941637650476453
9.885139391447865
9.892031027960993
9.838509166283334
9.788198616306332
9.860906699327952
9.929252297368274
9.873497159526178
9.821087329954608
9.771822090157332
9.785512764747892
9.73838199886302
9.754079078931237
9.768834334195363
9.902704274143641
9.84854201769502
9.857629496633319
9.92617172683532
9.930601423225198
9.814765337831686
9.825879417561783
9.956326652508077
9.95894705335759
10.261410230156136
10.365725616346767
10.40378207936596
10.439555154604003
10.413181845327761
10.748390934608096
10.70348747853161
10.721278229819713
10.61800153603053
11.360921443868698
11.279266157236576
11.92251018780238
12.467159576534238
12.799130001942183
14.55118220182565
15.41811126971611
16.653024593533143
17.813843117921152
20.465012530845883
24.15711177899513
24.867685072255423
25.535623967920095
26.16348652984489
27.83367733805419
33.06365669777094
33.35983729590468
32.1382470581504
33.74995223466137
33.164955100581686
33.39505779454679
35.05135432687398
34.38827306726154
33.82497668322584
32.51547808223229
32.48454939729835
38.09547643346045
44.38974784745282
43.34636297660564
41.5855811980093
45.21044632612874
45.377819546561014
48.955150373767346
52.0178413513413
49.676770870260825
47.41616461804517
45.17119474096246
43.12092305650471
41.79366767311442
39.94604761272755
38.209284755963886
36.69672767060605
35.15492401036968
33.705628569747496
32.52329085556265
31.411893404228888
30.307179799975152
29.86874901197664
28.976624071258037
28.018026626982554
27.056945029363597
27.95352832760178
26.876316627945673
26.043737630268932
25.141113372452796
24.23264657010563
23.49868777589929
24.72876650934533
27.92504051878461
27.02953808765753
31.107765802398077
29.841299854254192
28.65082186299894
34.371772551219
32.96946619814586
38.49129822625711
48.18182033268168
54.410911112720775
57.266256445957524
57.310281059200065
55.43166419564806
56.54576434390917
57.293018483274615
60.33543737427813
64.57531113182144
68.08079246391215
72.09594491607741
74.19018822111276
74.29877692784599
73.56085031217523
73.64719929344471
70.30836733583803
72.02986529568774
72.80807337794647
74.31958897526967
77.06041363675348
78.49678881854827
80.26698148943537
83.43096260006925
90.42510484406509
92.31959855342117
95.3004226402159
98.58239728180294
97.16745344489476
99.07740623820106
101.772761863909
102.86639615207446
108.69441238294999
113.21274763997297
114.87998278157458
118.84718381468011
123.7163527857993
127.09337161865133
128.64776932153225
126.9889031622403
123.62956897250588
125.75179483415553
127.44668714410619
131.7998859154598
135.89189276053222
139.7383791949003
143.35407644320625
146.75283185661388
149.94766194521705
149.29080222850402
152.33335409479378
155.19335284910613
157.88175167815976
160.40884657747017
162.78431578282195
165.01725683585263
167.11622142570147
163.9292481401594
166.0934932517498
168.1278836566448
166.4402106372461
163.53379799901134
160.80177011907065
158.0536639119264
150.79044407721082
149.00301743257816
147.44283638662347
150.59626620342604
153.56049023122046
151.90686081734722
149.75244916830638
148.327302218208
145.3676640851155
141.02560424000856
137.18406798560804
131.35302390647155
125.57184247208325
120.91753192375825
115.58248000833275
115.48753120783279
120.55827933536281
125.32478257524103
118.76529562072656
123.63937788348296
117.24101521047398
111.16655429784552
105.45656103997477
100.02916737757629
94.9874173349217
90.30817229482639
85.9696819571368
81.89150103970859
77.81801097732607
74.0489303186865
70.44599449956532
67.1792348295914
64.22848073981591
61.574771895426956
58.780285581701335
56.15346844679925
53.74426033999129
51.47960471959181
49.2308284364163
47.23697873023132
45.18276000641744
43.131794406032384
41.50388674167044
39.91365353717021
38.35883432494
36.8973042654436
35.463466009516985
34.235658048945965
33.3215185660092
32.342227452048654
31.541693804925732
30.489192176630187
29.559840646032374
28.62625020727043
27.868675194834204
27.03655468314415
26.314361402155498
25.695499718026166
25.173769734944596
24.44334355084792
23.936742937797046
23.220538361529222
22.96730605983747
22.78926769624722
22.501911634472386
22.11179693640404
21.7450891202198
21.46038377300661
21.19276074662621
20.761195101828637
20.53552339571892
20.263391991975784
19.947588472457234
19.5907331641098
19.25528917426321
18.999971823807417
18.819973514378972
18.590775103516233
18.495328597305257
18.34560888146694
18.204872348578924
17.832580007664188
17.722625207204338
17.739267694772074
17.51491163308575
17.3640169351006
17.162175918994564
16.972445363854888
16.974098642023595
16.735652723502177
16.631513560092046
16.59362274648652
16.61800538169733
17.48092505879549
18.89206955526776
18.598545381951695
18.322632659034593
18.00327469949252
17.823078217522966
17.713693524471587
28.65087191300329
38.931819598223086
48.5959104223297
52.76015579698991
61.594546449170515
69.83887366222028
77.64854124248706
82.76962876793783
86.68345104186156
93.48244397934987
99.87349734058887
105.88108750015353
111.52822225014431
116.83652891513564
121.8263371802275
126.51675694941385
130.925751532449
131.65020644050205
135.7511940540719
139.6061224108276
140.52975506617796
144.09796976220727
147.45209157647483
144.06496608188633
140.88106811697315
142.68820402995476
143.72691178815745
147.103297080868
150.2770992560159
153.26047330065495
156.06484490261565
158.7009542084587
155.83889695595118
158.48856313859412
160.55924935027846
162.92569438926174
159.45015272590604
154.6831435623517
152.4821549486106
155.33322565169397
158.0132321125923
160.53243818583675
162.90049189468655
165.12646238100535
167.21887463814502
169.18574215985632
171.03459763026493
170.07252177244902
171.86817046610207
173.55608023813593
175.14271542384776
166.55415249841687
168.56090334851186
170.44724914760113
172.22041419874506
173.88718934682035
175.45395798601112
176.92672050685044
167.5111172764394
167.66045023985302
160.60082322546182
155.70477383193412
154.52248740201807
146.81113815789698
139.02246986842317
132.4211216763178
130.1158543757387
123.50890311319438
117.47836892640271
111.62966679081855
105.83188678336943
100.80197357636725
98.23385516178521
94.07982385207809
94.9150344209534
96.0001323556962
91.26012441435441
86.86451694949314
82.55264593252355
78.37948717657213
77.0967179459778
73.25091486921913
71.91585997706598
79.60090837844201
75.60485387573549
77.84856264319136
76.77764888459987
73.79098995152388
70.32353055443244
67.36411872116649
64.10227159789649
67.0361353020227
70.15396718390133
66.48472915286725
74.4956454036952
73.26590667947349
70.48995227870508
67.04055514198276
63.8581218334638
61.40663452345597
58.562236452048616
55.70850226492569
53.265992129030145
51.270032601288335
55.09383064521103
58.38820080649837
58.66490875810847
58.08501423262195
59.87991337866463
59.28711857594475
67.72989146138806
75.66609797370478
77.66613209528249
85.00616416956554
91.9057943193916
98.3914466602281
97.88795986061442
104.01468226897755
99.2738013328389
105.31737325286856
110.99833085769644
116.33843100623466
121.35812514586057
126.07663763710893
130.51203937888238
134.68131701614942
137.64043799518043
136.2820117154696
140.1050910125414
135.2987855517889
134.56085841868156
138.48720691356067
142.17797449874703
142.82729602882222
146.25765826709286
144.5021987710673
142.13206684480326
145.60414283411507
137.58789426406815
141.33262060822406
140.8326633717306
138.32270356942675
141.12334135526112
134.75594087394543
130.5105844215087
134.55994935621817
131.94635239484506
129.78957125115434
134.0021969760851
137.96206515752
137.4843412480688
141.17528077318465
135.16476392679357
138.93487809118594
142.59878540571478
139.44285828137188
139.17628678448955
135.20570957742015
137.89336700277494
140.83976498260844
144.38937908365193
147.7260163386328
150.86245535831483
153.81070803681592
155.50206555460696
158.17194162133052
160.68162512405067
163.04072761660763
165.25828395961116
167.3427869220345
164.1422197067124
165.75368652430967
158.3884653328511
152.00515741288004
152.36484796810723
145.5029570900208
141.81277966461954
137.08401288474235
131.9189721116578
128.86383378495833
125.57200375786083
124.33768353238916
124.0174225204458
123.35637716921906
124.4749945390659
129.00649486672194
133.26610517471863
137.2701388642355
131.31393053238136
135.43509470043847
139.30898901841215
133.9504496773074
132.93342269666894
128.01741733486878
128.79637229477666
133.06858995709007
137.08447455966467
130.05940608608478
134.2558417209197
127.34049121766452
129.54006174460463
130.34765803992835
134.52679855753263
138.45519064408066
133.8078792054358
137.77940645310963
141.51264206592305
145.02188354196767
148.3205705294496
151.42133629768261
154.33605611982165
156.59589275263235
159.2001391874744
161.64813083622593
163.88924298605235
166.0558884068892
168.09253510247584
170.00698299632728
171.80656401654764
173.49817017555478
172.1482799650215
166.13938316712017
160.79102017709295
157.32355896646737
151.3641454284793
149.00229670277054
144.26215890060428
144.66642936656802
147.98644360457394
144.9272569882995
148.2316215690015
151.33772427486142
154.2574608183697
157.0020131692675
159.58189237911145
159.60697883636476
162.03056010618286
164.30872649981188
158.29020290982317
157.55279073523377
160.09962329111974
161.95364589365255
161.5364271400334
163.8442415116314
160.8535870209335
160.98237179967748
163.32342949169683
165.524023722195
167.5925822988633
163.23702736093148
165.44280571927558
167.51623737611905
169.4652631335519
171.29734734553878
173.01950650480646
174.63833611451807
176.16003594764697
171.71043379078816
167.52780776334086
169.4761392975404
161.22757093968798
153.4139166833067
149.6090816823083
144.77253678136978
148.0861845744876
151.20101350001832
154.1289526900172
156.88121552861617
159.4683425968992
161.90024204108522
153.2062275186201
146.11385386750288
149.3470226354527
152.38620127732554
155.243029200686
157.92844744864485
160.45274060172613
161.80557616562254
164.09724159568518
166.25140709994406
168.27632267394742
170.17974331351056
171.9689587146999
173.6508211918179
170.4917719203088
166.92226560509025
168.9069296687848
166.15251388865772
164.94336305533824
167.04676127201793
169.02395559569683
170.88251825995502
162.06956716435772
153.54539313449624
145.11266954642645
148.40590937364084
151.50155481122238
145.53146152254902
148.79957383119608
151.87159940132432
145.63930343724485
147.16094523101015
150.33128851714952
153.31141120612054
156.1127265337533
158.7459629417281
161.2212051652244
160.12793285531095
157.90025688399228
160.42624147095273
158.78066698269555
157.71382696373382
160.25099734590978
162.6359375051552
153.77778125484588
156.55111437955512
147.7580475167818
141.1125646657749
144.6458107858284
147.96706213867867
145.14903841035795
143.52009610573649
138.56889033939228
131.15475691902876
132.04547150388703
135.1027432136538
134.91657862083457
133.90158390358448
135.6474888693694
139.50863953720722
132.93812116497477
136.96183389507627
140.7441238613717
133.67947642968937
137.65870784390802
133.71918537327352
137.69603425087712
141.4342721958245
144.94821586407502
148.2513229122305
151.35624353749668
154.27486892524686
156.47837678973204
157.04967418234813
159.62669373140724
159.6490921075228
155.65014658107143
158.31113778620713
160.6324695190347
161.4945213478926
163.80485006701903
163.2765590629979
154.37996551921802
154.6571675880649
157.377737532781
158.97507328081412
155.31656888396526
157.93757475092733
160.34132026587167
157.98084104991935
155.34199058692417
152.8014711517087
146.6933828826062
141.73177990964982
143.96787311507083
144.44980072816657
147.78281268447657
150.91584392340798
153.8608932880035
156.62923969072327
153.83148530927986
151.68159619072307
150.08070041927968
145.99585839412288
147.1361068904755
143.34794047704696
141.34706404842413
139.76624020551867
132.58026579318752
130.20544984559626
125.93312285486049
125.09713548356885
124.19130735455471
123.33982891328141
120.67943917848451
125.43867282777543
124.3323524581089
117.95241131062235
113.395266631985
113.4915506340659
117.30205759602195
112.30393414026064
112.345698091845
108.90495620633429
109.03065883395422
105.24881930391696
110.93389014568194
116.27785673694102
118.84118533272456
119.6907142127611
124.50927135999542
129.03871507839568
133.29639217369194
137.29860864327043
130.6806921246742
134.83985059719373
137.3694595613621
135.90729198768037
138.25285446841954
141.71768320031435
143.41462220829547
136.72974487579773
137.52596018324985
131.97440257225483
136.05593841791955
139.89258211284437
143.4990271860737
144.36908555490928
143.56694042161473
140.71292399631784
133.11014855653877
133.76353964314643
137.73772726455763
141.47346362868416
139.9450558109631
143.00835246230534
144.14785131456702
137.41898023569297
132.11384142155137
126.16701093625828
128.13699028008278
127.40877086327781
130.80424461148112
134.95598993479226
137.59863053870473
141.34271270638243
143.96214994399946
142.8844209473595
141.69135569051792
135.22987434908683
130.77608188814162
125.44951697485311
129.92254595636192
126.14719319898019
125.11836160704138
129.61125991061888
123.39458431598175
122.77090925702284
122.96465470160146
124.28677541950537
127.62956889433504
127.23179476067493
120.79788707503442
121.11001385053235
114.6834130195004
114.40240823833037
114.37826374403055
108.41556791938872
107.61063384422539
102.29399581357187
98.01635606475755
93.3353747008721
88.75525221881976
84.14993708569057
80.60094086054913
77.14488440891617
74.4361913443812
72.13001986371832
73.74221867189522
75.01768555158151
77.47662441848661
84.8280269533774
91.73834533617476
87.25404461600426
84.35880193904401
85.77727382270137
86.99063739333928
88.13119914973892
94.84332720075457
94.3727275687093
98.07036391458674
94.88614207971153
96.21297355492884
96.5601951416331
102.76658343313511
102.420588427147
102.27535312151817
108.13883193422707
113.65050201817344
117.03147189708304
116.78958358325805
116.56220856826256
121.56847605416681
123.51436749091678
124.56350544146176
123.86969511497405
125.9775134080756
126.99886260359105
120.93893084737559
120.22259499653305
114.92923929674106
114.33348493893659
115.3934758426004
113.14986729204438
113.4408752545217
108.5544227392504
108.94115737489537
103.54468793240164
98.53200665645754
93.46008625707009
89.95248108164587
91.75533221674712
94.1100122837423
93.68341154671775
92.44240685391468
93.43586244267979
94.309710696119
95.49112805435186
101.76166037109074
104.0559607488253
99.91260310389578
102.55784691766202
108.4043761026023
108.08011353644616
107.35530672425939
107.09398832080382
106.54834902155558
111.49544808026225
111.34572119544652
113.60497792371972
108.76867924829654
108.60255849339873
108.3264049837948
108.36682068476712
113.86481144368109
113.57292275706023
112.87854739163662
114.74583454813842
109.90108447525012
103.9070194067351
104.75259824233099
108.12744234779112
107.93979580692364
108.24340805850822
108.70880357499772
114.18627536049785
117.47509883886796
116.96659290853589
116.48859733402374
115.97928149398231
115.38052460434336
115.17769312808275
109.04703154039778
109.1642096479739
114.61435706909546
119.73749564494973
123.11324590625274
122.86645115187757
127.4944640827649
131.84479623779902
126.27410846353108
124.69766195571921
121.65580223837605
126.35645410407348
130.77506685782907
125.50856284635933
129.97804907557776
130.15936613104307
129.24980416318047
129.11481591338963
128.14792695858625
126.51905134107108
124.6279082606068
121.41023376497039
120.18561973907215
118.67448255472782
117.85401360144414
117.20277278535748
117.01060641823604
120.42997003314187
119.98417183115335
119.14512152128414
113.43641423000709
118.63022937620666
119.79241561363425
124.60487067681619
123.24857843620721
122.87366373003476
122.10124390623267
121.3751692718587
123.03265911554716
127.65069956861433
129.83165759449747
129.3617581388276
123.82005265049794
117.17084949146806
117.58059852197997
117.18576261066116
117.17461685402148
118.8441398427802
121.79349145221337
122.52588196508057
121.71432904717574
124.01146930434518
128.57078114608447
132.85653427731938
130.2851422206802
128.64803368743938
123.98915166619301
128.54980256622142
123.47681441224813
123.68820554751323
128.26691321466245
129.9908984217827
134.1914445164757
131.35995784548717
129.23836037475795
133.48405875227246
126.97501522713611
126.73651431350794
131.13232345469746
125.66438404741561
128.92452100457066
133.18904974429643
131.67770675963862
135.7770443540603
134.47042169281667
138.40219639124768
142.0980646077728
137.29218073130644
140.15464988742804
137.68537089418234
139.9842486405314
143.58519372209952
142.29008209877352
144.9726771728471
148.27431654247627
142.01785754992767
142.376786096932
145.83417893111607
149.0841281952491
152.13908050353413
155.01073567332207
148.59009153292274
143.33468604094736
135.8746048784905
129.52212858578105
123.01080087063418
116.53015281839613
110.91834364929235
107.02324303033481
101.68184844851471
103.50093754160383
100.83088128910761
106.78102841176114
108.47416670705546
105.98571670463213
100.70657370235419
96.10417928021293
92.25792852340015
87.74245281199613
84.93790564327635
82.18163130467977
79.11073342639898
75.74408942081503
73.23944405556612
70.88507741223216
77.49197276749823
74.10245440144833
71.45630713736142
79.16892870911973
83.65879298657254
89.97926540737818
96.58050948293548
102.78567891395934
108.61853817912178
109.00142588837448
104.38134033507201
99.7984599149677
95.43055232006964
96.18471918086546
92.27363603001352
93.57721786821271
90.00258479611995
89.28242970835274
85.42548392585157
86.95995489030047
88.82235759688243
90.51301614106947
87.0022351726053
82.86210106224897
84.73037499851402
83.90655249860318
80.79215934868698
76.96462978776576
84.3467520004998
91.28594688046981
97.80879006764161
101.42026266358312
102.53504690376813
104.72294408954204
106.11956744416952
111.75239339751934
112.60724979366817
112.81081480604807
113.84216591768518
115.83163596262406
115.78173780486662
115.67483353657462
120.73434352438014
125.49028291291732
129.96086593814226
131.28321398185372
126.52622114294249
120.79464787436594
116.12696900190397
121.15935086178973
125.88978981008235
123.8564024214774
121.82501827618876
126.51551717961742
130.92458614884038
133.32911097990996
131.44936432111535
135.56240246184842
131.3886583141375
135.50533881528924
129.17501848637187
129.04451737718955
127.90184633455816
127.66773555448466
126.96767142121557
121.92961113594262
118.75383446778606
118.3486043997189
123.24768813573576
127.8528268475916
125.9416572367361
130.38515780253192
124.60204833438
122.1659254343172
126.83596990825816
131.22581171376265
127.97226301093689
127.91392723028066
127.79909159646382
132.131146100676
131.16327733463544
125.5734806945573
126.37907185288387
121.79632754171082
119.46854788920817
116.62043501585566
111.30320891490432
111.76501638001005
117.05911539720944
122.03556847337687
116.57343436497425
117.07902830307579
111.19428660489123
105.78262940859776
100.51567164408188
103.42473134543695
98.23924746471073
93.42489261682807
89.19939905981838
88.88743511622927
84.5741890092555
91.49973766870018
97.70975340857817
100.78716820406346
102.23993811181965
108.10554182511046
102.45920931560383
97.81165675666759
97.10295735126752
94.81677991019147
101.12777311557998
99.50010672864518
101.81010032492647
99.24149430543088
99.70700464710502
98.16458436827871
93.53470930618198
91.94262674781105
96.14606914294238
94.57730499436583
93.76266669470388
92.21690669302164
91.18389229144034
90.81285875395392
88.12408722871669
84.03664199499369
86.43444347529406
93.24837686677641
97.31347425476982
98.13466579948361
104.2465858515146
99.01179070042372
102.91108325839829
108.73641826289439
103.77223316712072
98.80589917709348
96.23754522646786
91.42329251287977
95.35789496210698
99.17642126438056
101.92583598851773
104.81028582920666
108.42166867945426
105.15636855868699
110.84698644516577
110.79616725845581
113.92839722294846
107.87269338957155
107.40033178619726
102.51631187902542
103.68533316628388
109.46421317630684
110.57636038572844
107.00177876258472
110.06167203682963
104.35797171461985
110.09649341174266
115.49070380703809
116.1812615786158
111.73038588389885
111.74656273086491
107.62176896701301
113.16446282899223
107.51459505925268
113.06371935569751
112.75989619435566
113.79430242269432
114.64664427733265
119.76784562069268
120.92177488345112
117.86646839044406
113.79448028701741
118.96681146979635
123.46880278160857
124.52067461471205
122.68943413782932
123.12806808955955
123.42038400418596
125.49516096393481
129.96545130609871
131.16752422773277
135.2974727740688
138.09962440762467
132.8736469431672
136.90122812657717
140.68715443898253
142.56592517264357
146.01196966228494
145.53125148254784
143.27937639359496
146.68261380997924
149.88165698138047
148.98875756249763
152.04943210874777
154.9264661822229
157.6308782112895
160.17302551861212
162.5626439874954
164.80888534824567
166.92035222735092
168.90513109370985
170.77082322808727
172.52457383440202
174.17309940433788
175.7227134400776
177.17935063367293
178.54858959565254
176.2356742199134
177.66153376671858
179.00184174071546
180.26173123627254
181.44602736209617
176.1992657203704
177.62730977714816
178.96967119051925
177.89149091908808
168.8980014639428
170.7641213761062
172.51827409353982
167.3271776479274
160.04754698905174
162.4446941697086
155.33801251952607
148.0577317683545
151.17426786225323
154.10381179051802
156.85758308308692
159.4461280981017
161.8793604122156
154.20659878748265
156.9542028602337
159.53695068861967
161.96473364730247
164.2468496284643
159.37203865075642
150.94971633171102
153.89273335180835
156.65916935069984
159.25961918965785
161.70404203827837
164.00179951598167
166.16169154502276
157.57199005232138
160.1176706491821
151.47061041023116
146.58237378561728
146.66743135848023
149.8673854769714
152.87534234835312
151.38282180745193
154.2998524990048
157.0418613490645
151.69934966812065
152.73738868803338
148.97314536675137
152.03475664474627
154.91267124606148
157.6179109712978
153.7408363130199
150.3363861342387
153.31620296618436
145.3172307882133
142.17819694092051
134.42750512446528
130.38185481699736
123.39894352797752
127.99500691629886
121.15530650132092
114.60598811124166
119.72962882456716
113.74585109509313
109.50110002938753
108.15103402762428
106.82197198596681
112.4126536668088
117.66789444680026
122.60782077999224
127.2513515331927
131.61627044120115
135.71929421472908
132.31613656184533
136.37716836813462
140.19453826604652
137.24286597008373
141.0082940118787
144.54779637116596
146.91492858889598
150.1000328735622
149.13403090114846
147.02598904707955
139.1644297042548
138.01456392199947
131.7736900866795
130.4672686814787
129.05923256058998
127.25567860695458
130.1803378905373
134.36951761710503
133.14734656007872
130.378505766474
129.45579542048557
133.68844769525643
137.66714083354105
141.40711238352858
142.58268564051687
140.38772450208586
139.4044610319607
133.56019337004307
127.22658176784049
121.15298686177005
120.60380765006384
122.06757919106
126.7435244395964
126.63891297322061
131.0405781948274
128.21814350313772
130.06505489294946
131.68115159937247
131.28028250341012
129.64346555320552
124.26485762001319
124.84896616281239
124.73802819304363
121.81374650146101
122.72492171137334
124.66142640869093
121.08174082416947
121.0168363747193
122.63582619223614
120.97767662070197
125.17901602345984
129.66827506205226
129.74817855832913
133.96328784482938
127.48549057413962
123.91636113969123
123.86137947130975
125.06969670303116
128.06551490084928
121.10158400679832
125.83548896639041
125.36535962840698
124.44343805070255
122.7968317676604
118.30902186160075
123.2104805499047
122.0578517169104
121.93438061389578
121.75831777706203
115.29281871043831
114.315249587812
119.45633461254327
113.18895453579067
107.11761726364323
101.83056022782462
97.64072661415514
97.84228301730583
103.25174603626748
106.41664127409142
106.87164279764593
110.71934422978718
105.33618357599995
111.01601256143995
110.47505180775356
110.20654869928833
111.33415577733102
108.97410643069117
109.93566004484968
115.3395204421587
116.63914921562917
118.82080026269142
119.97155224692993
114.75325911211414
119.86806356538729
121.61597975146404
126.31902096637619
125.2198797083936
129.70668692588998
122.82428571033658
127.45482856771638
131.8075388536534
129.1190865224342
133.37194133108812
130.82962485122283
134.97984736014945
138.88105651854048
142.54819312742805
145.99530153978236
140.2355834473954
143.82144844055168
139.75216153411858
134.84703184207146
130.53620993154715
130.5640373356543
127.71019509551503
127.36758338978412
126.68552838639705
123.70439668321323
128.28213288222042
129.4652049092872
129.31729261472995
133.55825505784617
137.54475975437538
132.29207416911285
136.35454971896607
135.7932767358281
139.6456801316784
137.4469393237777
141.20012296435104
141.72811558648996
145.22442865130057
145.51096293222253
143.08030515628917
139.7154868469118
143.33255763609708
146.73260417793125
144.76864792725536
144.66252905162006
146.30277730852285
145.38461067001145
148.66153402981075
143.1018419880221
140.87573146874075
141.12318758061627
143.4557963257793
138.50844854623253
142.19794163345858
145.24606513545106
143.73130122732397
147.10742315368452
147.52097776446345
150.66971909859564
153.6295359526799
156.4117637955191
159.02705796778795
161.48543448972066
163.79630842033743
163.50852991511715
161.07801812021012
163.4133370329975
163.14853681101764
160.61962460235657
162.98244712621516
165.20350029864224
167.2912902807237
166.49381286388027
157.94418409204744
156.44753304652457
154.20068106373307
146.56864019990908
144.9145217879145
148.21965048063964
141.06647145180128
135.0024831646932
129.9623341748116
129.1245941243229
133.37711847686353
137.3744913682517
139.9320218861566
143.5361005729872
145.84393453860795
149.09329846629146
143.02770055831397
144.34603852481513
143.9652762133262
147.32735964052662
150.487718062095
153.4584549783693
152.89094767966714
149.2974908188871
152.33964136975388
150.33926288756862
148.1589071143145
146.22937268745562
145.85561032620828
144.0042737066358
144.24401728423763
147.58937624718337
148.81401367235236
151.8851728520112
150.87206248089052
151.1797387320371
154.10895440811487
151.46241714362796
144.05467211501028
145.25139178810966
141.51630828082307
145.0253297839737
147.72380999693527
145.88038139711915
149.127558513292
150.61990500249448
153.5827107023448
153.12774806020408
151.92008317659182
150.4848781859963
147.99578549483653
140.61603836514632
133.55907606323754
131.48553149944328
124.73639960947668
118.81221563290808
113.06348269493358
113.17967373323756
108.4888933092433
103.9595597106887
104.50198612804736
104.59186696036451
100.47635494274263
95.58777364617806
95.55250722740738
97.01935679376292
98.51819538613714
98.60710366296891
93.77067744319076
89.8844367965993
93.37137058880333
88.72908835347512
88.44534305226661
95.13862246913061
101.43030512098277
103.98448681372379
105.90541760490035
106.51109254860631
112.12042699568993
114.87320137594853
115.4808092933916
118.3919607357881
116.98844309164082
116.14913650614236
118.30018831577381
120.62217701682738
122.26484639581773
126.92895561206866
131.31321827534452
133.27442517882383
137.2779596680944
136.30128208800872
133.3432051627282
137.3426128529645
141.10205608178663
144.6359327168794
139.55777675386662
143.1843101486346
136.33325153971654
131.63325644733354
131.5952610604935
135.69954539686387
137.15757267305204
130.78811831266893
125.04083121390877
119.15838134107425
113.26887846060978
115.5927457529732
118.2571810077948
116.8017501473271
116.75364513848746
112.2684264301782
113.0923208443675
113.14678159370546
113.07797469808312
113.79329621619813
113.38569844322623
113.36255653663265
118.56080314443469
119.7871549557686
124.59992565842248
128.40393011891712
124.11969431178208
118.11251265307514
111.80576189389063
106.11741618025718
106.35037120944173
106.02934893687522
108.06758800066271
108.42353272062294
109.17812075738557
114.62743351194243
119.74978750122588
117.36480025115232
111.46291223608317
105.85513750191818
105.32382925180308
108.48439949669489
113.97533552689319
112.4768153952796
109.38820647156281
114.82491408326904
112.13541923827289
117.40729408397651
114.92285643893791
120.02748505260163
120.44583594944554
120.95908579247879
120.18154064493005
120.17064820623425
115.54040931386018
115.20798475502856
114.35550566972684
113.73417532954322
114.29012480977062
114.45271732118437
113.8855542819133
109.0924210249985
109.4468757634986
107.92006321768868
103.78485942462736
106.4977678591497
107.4279017876007
107.64222768034465
108.32369401952396
109.14427237835251
110.75561603565136
112.99027907351227
114.79086232910153
119.90341058935543
119.1292059539941
122.66145359675446
123.70176638094918
119.21966039809222
119.38648077420667
119.90329192775425
119.54909441208899
119.15614874736364
119.08677982252182
119.7415730331705
120.17707865118027
122.08645393210945
124.06126669618287
126.33759069441189
127.39733525274717
126.71349513758233
125.41068542932737
125.50604430356773
129.97568164535366
134.17714074663243
129.12651230183448
133.0789215637244
137.09418626990094
129.76853509370687
127.86242298808445
121.57067760879937
126.2764369522714
130.6998507351351
134.857859691027
135.76638810956536
139.62040482299142
140.48318053361194
140.21418970159522
138.82133831949952
140.39205802032956
142.52853453910978
141.4168224667632
144.9318131187574
148.23590433163193
150.381750071734
153.35884506742994
156.15731436338413
153.26787550158107
150.9718029714862
153.91349479319703
152.2386851056052
151.80436399926887
147.85610215931274
146.36473602975397
139.5028518679687
143.13268075589056
142.7047199105371
141.46243671590486
140.17469051295055
137.1642090821735
133.85435653724306
137.82309514500847
131.95370943630795
127.45648687012947
131.8090976579217
130.0805517984464
130.43571869053963
134.60957556910725
138.53300103496082
137.30102097286317
138.36295971449138
142.0611821316219
140.01751120372458
137.13646053150111
140.90827289961103
136.59377652563435
131.5181499340963
135.62706093805053
128.8094372817675
122.52087104486142
116.90961878216973
118.05504165523953
112.59173915592515
117.83623480656964
119.88606071817546
124.69289707508493
129.21132325057982
133.45864385554503
135.89112522421232
139.73765771075955
134.71339824811398
138.63059435322714
142.3127586920335
145.7739931705115
144.5275535802808
147.85590036546395
150.9845463435361
147.1454735629239
147.31674514914846
146.39774044019953
144.03387601378753
141.87184345296026
138.45953284578263
134.59196087503565
134.55644322253352
133.2030566291815
131.39087323143062
125.90742083754478
124.83297558729208
129.34299705205456
133.58241722893126
133.6674721951954
137.64742386348365
137.60857843167463
133.67206372577414
128.11173990222767
132.425035508094
136.47953337760833
136.3307613749518
136.1309156924547
134.32306075090742
132.08367710585296
125.89865647950177
125.12473709073166
118.39725286528775
117.59341769337048
118.27781263176824
112.98114387386214
113.8222752414304
112.15293872694457
112.44376240332788
114.9971366591282
116.0173084595805
116.67626995200567
116.87569375488532
110.82315212959219
116.17376300181665
119.40333722170764
119.07913698840518
118.71438876910086
118.0115254429548
118.0108339163775
118.25018388139485
115.17517284851114
118.34466247760047
118.38398272894443
118.54094376520777
119.7684871392953
114.92237791093758
115.52703523628132
118.07541312210444
122.99088833477816
122.27143503469146
118.17514893260997
117.68463999665336
115.48356159685414
115.4545479010429
111.22727502698032
112.1736385253615
106.52322021383979
106.31182700100939
106.05311738094882
100.40993033809188
95.10533451780637
96.05901444673798
91.1354735799337
92.32734516513767
98.7877044552294
93.82044218791563
100.1912156566407
106.17974271724225
101.9089581542077
105.15442066495523
100.40515542505791
102.72084609955444
98.35759533358116
99.95613961356628
102.41877123675229
102.75364496254716
101.92842626479433
107.81272068890667
107.34395744757227
112.90332000071793
111.16912080067485
111.99897355263435
117.27903513947629
118.28229303110771
119.28535544924124
119.98823412228676
122.80894007494953
122.04040367045255
121.61797945022539
120.62090068321186
119.98364664221913
121.18462784368597
119.7935501730648
118.6659371626809
119.76598093292004
114.26002207694484
116.70442075232813
118.40215550718844
118.49802617675714
118.0481446061517
122.96525592978259
121.04734057399561
122.60450013955588
122.38823013118252
121.22493632331157
124.03144014391286
124.68955373527808
124.16818051116138
117.97808968049169
117.61940429966218
116.92224004168244
112.60690563918149
112.3904913008306
112.90706182278076
111.3526381134139
111.21147982660906
106.51879103701252
112.12766357479177
117.40000376030426
118.696003534686
113.73424332260483
109.55018872324852
103.9371773998536
101.54094675586238
102.70848995051064
103.56598055347999
105.27202172027118
100.63570041705492
102.75755839203161
