-3948.677319151447
-3939.091515231129
-3901.331752812773
-3904.140083600439
-3861.235125944298
-3801.961674527945
-3748.6731103320294
-3686.4185674136043
-3627.6464892675135
-3571.545995012577
-3483.421701468811
-3396.9455414313757
-3298.988287586818
-3191.365338606536
-3097.814879988674
-2949.746136187227
-2787.7306699074593
-2627.8753709555335
-2478.01535349884
-2353.6873650141615
-2228.037357326656
-2101.9124928042625
-2015.6334133543514
-1902.06435276592
-1802.8477971036455
-1725.3121648343342
-1699.7074373371302
-1621.043763548095
-1553.2517279740284
-1492.1589835411423
-1424.2989411248473
-1346.704179630638
-1280.9062786691213
-1204.298865614375
-1139.369651406246
-1094.155161322628
-1036.2940311592395
-981.9214572368614
-938.348450980483
-882.3244090129641
-860.8791573673838
-904.4586156282384
-864.8106700813831
-828.4724097355299
-801.3691542633163
-775.161354320418
-744.2819724386381
-722.0987224550048
-700.7476748308641
-666.4326624209414
-677.1295293383635
-636.7557475843208
-598.8130556502175
-578.1217080916175
-551.0424474641599
-525.8531551932743
-509.46822064714985
-493.518524676155
-479.0306142785156
-458.1103645477073
-446.05983678417766
-434.6920234222096
-435.20412119873174
-441.70605596999127
-422.9316277591754
-397.7721158443748
-374.10155933975176
-359.2000945959059
-360.6804948388677
-374.7591431694246
-372.7601055301513
-358.11834678716104
-358.3154948610952
-382.7269713185926
-367.323450131032
-359.76682574742375
-345.62758458012513
-325.1543581539477
-313.02871969220746
-294.4921424596668
-284.31656491368346
-267.48958217187885
-265.94084242817297
-264.84954464188576
-256.70019016677986
-249.0417390207777
-248.4890259755894
-233.7364453530761
-241.10072393716837
-241.0028992081498
-234.0541878388782
-227.77490315560067
-221.7308284532717
-222.56230170923837
-223.9155128135587
-210.74978468100824
-212.9845733560646
-207.77036996291025
-203.00048027505798
-205.49047532949783
-200.3740273018801
-195.91270490678332
-205.9857215977578
-201.0610264787206
-203.6229382772633
-213.0648378236993
-200.4131121563623
-202.60837964351037
-212.51174003078253
-207.55723553322878
-202.2285022352553
-219.04677983533603
-213.6980837588252
-223.91521816987174
-225.3667765910687
-219.54564102084947
-206.64923362001548
-201.66508628897654
-197.0629621918083
-193.4485534931644
-189.43325215211388
-207.78435381548232
-212.1024538386941
-214.7720151383104
-209.2682814696421
-211.30078086634973
-206.24656560484632
-209.14174487937896
-222.49389827778566
-209.3393219860941
-204.6986073711326
-200.29849495019346
-196.07719570338054
-198.9692960277517
-194.56690912369092
-212.99890902766842
-222.61184193170925
-216.82435581309872
-227.72667039259025
-229.1500521405882
-230.24544976482414
-223.9683270006301
-210.68098822832613
-198.28417320286866
-207.49214498448367
-209.10601441210915
-221.64475351727756
-230.05948469204375
-224.04528272183566
-218.47484154211097
-243.76526659383313
-236.74191544757718
-237.3216925241778
-230.92491304118013
-217.36490495561188
-227.0972887849907
-221.05205085233132
-215.47373545725623
-210.18180200569736
-205.39346157110256
-193.27799172817362
-189.45016565996875
-192.19087369173295
-187.8316190525538
-184.36444545757323
-195.31060609815484
-198.70078306142963
-194.26423288554608
-189.97041627815975
-186.14795807769943
-190.39011362969538
-186.72394650832368
-182.99791111607175
-179.4980385108724
-168.98201635661965
-166.2434043235606
-172.16891955698432
-176.3281625357654
-180.4900150970292
-185.5813943119747
-182.1434256244908
-186.5181477513136
-182.99588832092013
-179.2691243763647
-175.6918029712269
-172.71281069343485
-177.69417260478488
-174.88468462491267
-164.59298884421477
-169.1555915106661
-166.20795772370974
-163.81948376462992
-154.54267045719916
-153.1845888917356
-162.14855892323152
-152.6682769579764
-158.29202821473595
-156.54116881434172
-154.9821689568909
-145.84516252444106
-153.22962179479688
-158.28108642398558
-149.0796242793064
-147.82299313587973
-146.59149848023372
-145.18970114350861
-158.9619544306566
-157.02293485984228
-163.10924758640542
-161.0544824681474
-173.13899612096031
-163.00320837477943
-168.35547985416775
-172.63771848635508
-177.57629150268858
-188.29670417181734
-177.3893450191235
-174.27566476472896
-178.36385849684825
-174.87661441351858
-186.49913093917613
-198.28765774986303
-194.08423326882016
-206.37607580792059
-201.38874634350137
-197.0155690047654
-200.3001256541328
-219.51770257175008
-213.66335449406813
-208.50701414972542
-203.840584528117
-199.45250084602816
-201.77133867358444
-205.19669821304078
-200.83100814768966
-204.20032462688576
-192.24200530615238
-181.12028839978197
-177.73210725604966
-181.97611309693917
-171.62544242397925
-169.00700503158882
-166.96948365175933
-164.0698328853298
-169.26250753377042
-166.9156068138434
-179.38407913465764
-183.2851087297646
-187.42556586818924
-183.9067933520599
-180.746433799175
-192.57046929664696
-188.8255013290868
-200.19713185337795
-196.20387965878
-198.778296802327
-202.4818315271818
-204.76500776991145
-200.46071476180921
-206.65930900305668
-201.95007060473415
-197.9070236982742
-215.3242485427179
-210.11973870751524
-212.69039302698454
-207.6158725047946
-203.06826253240138
-198.73080908404964
-194.6890179986666
-206.22404862150674
-216.7500856652083
-220.35153937815863
-222.11797915694467
-216.722965049068
-211.41326946384112
-206.75390466293376
-210.4232597803535
-198.06152979180212
-193.63792793227213
-197.46807001552108
-193.1531650366768
-189.1122139840593
-201.02241163158968
-196.8169825582541
-192.99900518595993
-205.2642589794594
-208.00664093005025
-203.22312824612723
-206.04311475662084
-208.53782535859602
-210.53875189657074
-213.3958985061983
-215.0515802772041
-216.31498570572563
-211.2208862684747
-214.1328293953835
-208.56599053590992
-218.0808591661255
-219.1114323596785
-213.7995028731776
-201.27338641470007
-197.05788560076914
-192.93303082126081
-189.10787100928687
-192.59945851603553
-188.49801359520475
-192.74555218955354
-201.47807799587582
-197.19666156102573
-193.24260238873114
-189.43794485169414
-185.88459144665813
-182.54733819575995
-186.51098791036043
-183.2528571095836
-180.29680004731227
-177.0025472630635
-174.1204858101833
-171.45763773242794
-183.8179407670672
-187.02625574571914
-190.63342147277402
-179.52950596726959
-176.57924881177908
-188.20041821711322
-177.133999661815
-173.90756119456583
-178.0525069853339
-175.22439253771034
-172.40910075261647
-179.66231052564063
-176.55274027490066
-189.28794042219204
-192.60291600302554
-188.74671982522716
-185.36926170511725
-182.21281569220088
-186.20639636767535
-190.4671296547293
-195.9867102066197
-192.0132678784396
-195.29904034555375
-191.27434086121522
-187.27631179726595
-176.33551796489633
-173.56721701892215
-171.08082904555403
-175.51211442987906
-172.65985588645881
-170.01272002971612
-175.5687755250973
-195.3483164481546
-205.82733580139134
-217.79589816225774
-212.50709248311264
-223.27571577291852
-210.1957485958672
-219.99620386189483
-214.63426579681666
-209.44935417392156
-204.60365777953947
-199.92228379503155
-195.63868630880458
-198.45380287185742
-194.11090103469616
-189.7310555035018
-185.9370581786884
-182.22580643300347
-171.6727149481455
-175.7483705651933
-172.7217993728919
-162.6066657850653
-168.03729458948294
-165.7059759629203
-163.4006816841274
-180.0980587930915
-177.1341024452149
-181.47818261315302
-170.99245435481131
-168.06524639567067
-165.23183496151387
-179.8655831002046
-194.23653513009307
-197.97771623562096
-207.7281171506135
-210.52814927445593
-205.65978081974166
-208.7896396569105
-204.2360815915544
-214.27268837371437
-201.7206470255359
-229.24530843678957
-234.58185448310175
-235.84937316867567
-222.03732565962875
-209.0107874544606
-203.840053102412
-206.3522279885058
-209.53783913439818
-197.17224155883966
