-3948.677319151447
-3788.9139204794797
-3309.7621415918716
-3948.1372659405433
-3189.057455998093
-2873.344269005078
-2913.8189379293576
-2711.097395024943
-2706.883931645434
-2692.6382516852345
-2102.807769283147
-2042.1523675115563
-1764.3246440220848
-1505.272471248788
-1632.1910283088378
-630.0024832978975
-249.48836485776374
-123.47568737536453
-130.20841334397403
-405.88221208753987
-259.52057022240143
-125.95628195343602
-663.9278353057447
-122.81573688049748
-248.45509172801513
-510.5872592817934
-1298.5667065475986
-388.6462075198814
-491.1765039803196
-535.0393207592588
-361.1582766028925
-131.05291622136264
-250.07249693869315
-4.116061090017838
-122.14529547889362
-385.79481667928155
-129.80299193281837
-130.08446578627465
-255.7046862972219
-4.614418188501597
-524.903548253291
-1587.2034617149602
-243.65952318065254
-259.17299765049745
-376.75148519863694
-364.5724885483441
-260.50498962408625
-374.56113937808306
-366.2479287193265
-128.830801332154
-844.7137777113097
-4.23316677098668
-4.377548682598743
-253.95726300688548
-126.80069763399018
-131.22090961606756
-252.77091275786663
-243.63995446390277
-252.05335138216518
-130.3597854317117
-257.2682351555474
-256.59628075137766
-443.2269863642456
-543.5697007197248
-128.79891912306027
-3.6064291791657186
-3.2628407673240902
-125.74381360898825
-383.87343197860287
-595.3246336814825
-341.4418491815366
-128.73079314698103
-361.4041480193976
-765.1734358193858
-126.00161819258368
-241.379710404228
-124.11280629244781
-4.407144143835281
-123.06038379161059
-4.085765816530443
-124.89918335994473
-3.866852550273699
-241.67725311011452
-247.75254599005305
-129.02697005678718
-129.0593377334103
-239.8298549343066
-2.6126822670342325
-356.4744217546141
-239.47031178685916
-125.1910430536234
-129.3994431175865
-127.04032478345118
-235.58871605271636
-245.11582011457725
-4.4867106043844505
-247.9962625986145
-126.08118347015885
-128.2722084987055
-244.50039784905553
-120.21634153586936
-126.01865405026746
-363.79631642302485
-123.9074696138049
-243.7595564544324
-360.98793071786366
-2.202743368082864
-237.0009036088306
-367.6643860980466
-129.93666507155376
-118.7450139003374
-482.53312890326765
-129.9018452268223
-383.9836572762678
-248.10785852315465
-128.3478504207484
-4.6055176736167285
-123.58011143603308
-124.96301800283935
-136.82281721441012
-126.52686447565557
-495.2849465415879
-279.7526875356784
-256.59514216563264
-123.04312066050583
-243.14327141476937
-127.0638598412936
-254.4995535137237
-431.6776348528239
-3.250960082926423
-131.9940784034029
-131.36340035548034
-129.94350750331145
-244.2788677762335
-125.5961809600719
-501.7669075233163
-373.21445742834925
-126.15373995486735
-398.5295988046247
-251.44969952588957
-247.4066792111874
-125.62673702825694
-2.5126807955638224
-4.067404470701651
-351.75036956311897
-234.38996877824147
-418.0849994982494
-361.89027309671405
-129.82278518857552
-131.20459639309084
-639.9819257374805
-126.70941415623453
-246.404866724254
-130.70870114088393
-4.9247782817095
-379.5713021119256
-126.34332324066763
-128.0801276010803
-127.27484459794236
-130.37612809578417
-3.46896418895363
-129.4808905914262
-235.12863285603902
-119.536629705414
-130.04539246954428
-366.8004561339333
-251.81355548606834
-124.75828013003739
-122.70062276244039
-126.26277960382137
-256.8505506109653
-129.28732827350046
-124.62335663745839
-124.66670102941616
-4.231002606660272
-123.33848247230237
-265.0019915472891
-241.48963587000256
-245.69237189016187
-265.34633534612124
-128.281916187243
-255.0554610715378
-127.81382391142259
-120.8831559116629
-119.64710095740158
-126.04193167469305
-255.73550921593556
-130.86937294024833
-3.3564216132812885
-240.63636661840394
-120.02836172806006
-126.40005840571311
-9.205928640784073
-131.90797769947295
-302.5840894166677
-4.143859502312984
-246.39746457063586
-129.1110382081655
-130.55783785682817
-2.698728416060895
-268.91948369703834
-237.42069894794164
-4.9233840126654655
-128.13577188886248
-127.29808220844649
-123.22820953481524
-374.7272559293085
-126.64496158375161
-258.461480302561
-128.86316228210507
-362.4630433483627
-4.209200351279035
-252.20773303125162
-239.7261237239565
-254.94726875858018
-356.24983598816846
-6.507384960253569
-125.49467411254794
-242.41222696671772
-120.24312377468743
-368.5852231744781
-382.9745777839581
-128.23058306581575
-398.94827558716054
-123.2539180676006
-128.5024573645692
-251.75817982755595
-520.5930742810873
-121.94523461038443
-127.72434875502346
-130.73318712291876
-130.70585649330283
-238.0997979719663
-258.86066433119015
-132.43519712385563
-256.9862828009579
-4.895002614662794
-6.880056866645525
-124.65060267091029
-248.46553793754154
-9.46493521427406
-127.98481921747226
-135.04831536776462
-118.64197087793367
-250.61441035934027
-130.14749553498677
-374.72347882741434
-244.40123905310702
-252.2927277035086
-128.77935726603405
-131.23413413731194
-377.81369209037416
-130.15433650397773
-378.35267673393975
-133.64292861007903
-239.1108320512299
-260.50387554990743
-240.5347689060092
-133.02679096820768
-303.7706187826003
-128.17200236434812
-134.56595549706864
-488.1941044390027
-128.58241795600708
-252.9639773653374
-128.11505099048546
-131.82237296490788
-130.77737172653892
-131.3676243276658
-386.9395283793355
-381.6579993498665
-276.7743142143804
-249.79220235792613
-132.20107735900035
-128.22803862862023
-133.75718944871892
-267.90982328659635
-4.394426637830169
-124.33483213296896
-257.4736293197547
-125.5529870347834
-125.80398082638538
-387.61550810956567
-130.93192707599655
-133.18402635335167
-397.4199017442845
-250.97062482264056
-128.2814295313333
-250.22290342102093
-247.6216247895409
-241.8866009915082
-258.15786205703046
-240.99059468962844
-236.10833741922977
-131.4133284182102
-259.753271716955
-121.35218173749074
-367.1471343728361
-235.2570790586758
-130.57927425133025
-5.030895231885696
-131.01503951585164
-128.31030594229688
-129.18036728836174
-247.30099612176465
-124.24204316885621
-259.29032350101807
-338.287648961592
-130.12113741504112
-131.29567535611636
-129.8316434381146
-130.2153881010944
-130.26370393168867
-248.60816677243469
-132.20880789741346
-133.9852394050616
-125.3925869764993
-128.9681897150608
-129.73968451426074
-377.46268830974935
-237.28985707793325
-247.14568452996744
-5.568163047699924
-130.35855337576137
-370.26540556734835
-3.760108962143483
-123.36002520766223
-242.98999104070063
-130.91726619160806
-128.30286278614602
-293.295930303019
-127.83613967997444
-388.8060760630908
-244.5375334360838
-128.33297970638606
-132.45575115672895
-132.76182815651137
-248.77249361677573
-257.2186178185748
-282.4601388529033
-129.76267140361784
-246.77614233034242
-128.22071560657864
-124.64052312872755
-4.929747924439427
-130.197168865327
-132.12741746278692
-244.93558545097133
-127.974472039542
-128.54092494074757
-262.6136449527358
-505.2277909093863
-369.99863900210056
-405.30337514916516
-129.64913684317312
-391.984147313211
-5.276262822063248
-373.53666969632775
-130.63056944392542
-128.21907208189862
-128.68774760088704
-126.58075803774065
-128.5289923579155
-242.55729569301872
-126.07210558583655
-121.1134755147904
-126.49776675661204
-124.0828624172733
-6.340948352038096
-239.6003085656089
-125.30551736016976
-4.136239575781994
-253.1171458586924
-129.18198414677238
-127.28440464970585
-441.69030016686236
-130.69878632848153
-249.53543857751725
-6.716044974124851
-122.20565503580116
-120.84172249305745
-409.12763727302604
-419.38145026501275
-256.58955355555776
-360.48439815216335
-254.39531921465436
-129.38867502921838
-257.82409477255635
-132.89700523430926
-371.51286129422107
-5.071999237406543
-660.465003879764
-318.1877425419926
-255.70716590933392
-5.648581351227307
-4.928355573493111
-122.83188158698444
-245.70963453730883
-259.4457470867123
-3.444546208423207
