-3948.677319151447
-3939.091515231129
-3904.7479409993484
-3900.9199091547653
-3887.9283122075285
-3850.1614288886103
-3771.714559955655
-3707.6420530590467
-3632.7897390237795
-3538.502306482166
-3450.558028701017
-3370.070888268608
-3300.840747200646
-3243.977933072198
-3179.600529154147
-3108.0983503348148
-3021.45472306093
-2932.2257799080953
-2850.3950058878245
-2780.7300244699463
-2690.5225822618377
-2552.098163694073
-2406.7118155372714
-2277.2603680978223
-2162.632067870726
-2071.1857560648796
-1954.3808718209252
-1844.7733238641229
-1873.6707113873003
-1803.700727178133
-1790.3907435165152
-1691.0863021455266
-1612.8583511098727
-1516.4727904948493
-1432.9692080480675
-1371.1531331947479
-1312.0855159402172
-1248.597500564924
-1189.8129168388389
-1118.8409086504275
-1067.323975571892
-1011.2822474177212
-965.3485822268964
-923.0149150201147
-882.6123379989643
-852.260498225731
-815.7616089936236
-796.8483987130134
-763.8510331011404
-725.7775361394442
-699.2506320399275
-657.5073991563536
-618.2883455067196
-588.7520041438785
-569.0991128864925
-542.8137734907099
-532.7814795610183
-515.496215156135
-507.69300017104865
-508.6568169710492
-492.6988330999006
-470.7561332924587
-478.12022120620674
-465.74111250930207
-453.32732501855975
-426.323052030564
-400.9808596239922
-384.2557101458139
-428.04915222521964
-438.10533410574635
-432.6488353197545
-414.3805581724313
-410.9840679477986
-401.2565347691147
-384.7828550408939
-376.130413640389
-361.0856938042426
-339.62190663726994
-326.74212573885166
-307.41767190614195
-296.2411857098017
-278.6329453238327
-285.1860900753835
-283.3640397554126
-274.16231436920407
-265.5801401619638
-264.29247254385393
-248.74392528264963
-255.52703579790585
-261.9177900989955
-253.64071580840275
-246.27809443527272
-239.15677110829995
-239.21533566630978
-239.90505256581702
-225.76081303590263
-219.64557290450514
-214.0496445065483
-208.93980023220382
-203.83354593697925
-205.658369324136
-208.79896303356625
-217.9237324002929
-212.28592667454157
-222.54604833866165
-229.57153464475095
-215.92852812499493
-217.13498823830224
-226.96510847718923
-220.95600232162838
-214.88825173660567
-238.70947730598277
-232.1233659475766
-233.94635294219864
-227.52380946179522
-221.51676147913517
-208.5206114891044
-203.30570125903753
-198.4465163182468
-194.3301913088196
-190.0529285117262
-193.48991106978193
-197.7755303257641
-193.52159441889893
-189.54923941759338
-185.66060783279397
-182.15613404706582
-194.5367109253291
-208.5218608439707
-196.22534140149344
-192.36441206617133
-188.6949098162954
-185.14399117793064
-188.67849617806283
-184.97801789453104
-196.71577745648545
-208.0856740392431
-203.28315891812053
-214.08859496053066
-223.64199209056957
-226.38318501833672
-220.3122220785699
-207.25914390326042
-195.02071879985874
-212.652163319882
-213.86377130065267
-225.77266679869123
-233.5278066917469
-227.11627260603137
-221.47707909893438
-215.70629869979308
-210.59806013637794
-212.69871549561165
-207.5217976474
-195.39611388766272
-191.24272158187
-187.2372711513345
-183.63408951400754
-180.2718760233146
-177.1274641961233
-166.64546794367504
-164.25384104311004
-168.4982308502543
-165.52289601286174
-163.50340745151243
-176.73603911007723
-180.91966664840442
-177.63169382388133
-174.30053394017904
-171.36350889023367
-176.60798272084494
-181.2537984190038
-177.6385715047857
-182.0503398203973
-171.45600869989562
-168.55176637715428
-183.11076911054215
-186.19295817922816
-182.19559988044062
-187.03266340564016
-183.63054383698466
-180.35905943081247
-177.33548498704772
-173.87537393913328
-217.66117662432438
-212.1874796298277
-207.52980879965176
-202.85489396693504
-190.86329224349652
-201.54584994292193
-204.23548737054085
-199.28427792531542
-187.57860729308865
-192.1968600880799
-196.06652263764673
-184.53584615328325
-188.11714490201612
-184.56589334556764
-181.42007421609424
-170.74134285521282
