-3948.677319151447
-3788.9139204794797
-3366.698611368128
-3840.9474102563045
-3684.393293367489
-3258.480256892229
-2542.713613339361
-2703.8394450121777
-2460.1034858046
-2061.3325299969006
-2072.7643434630195
-2109.105688160871
-2216.2352038025833
-2353.1271783931847
-2171.0212011046806
-1987.897548831946
-1664.0378957700686
-1534.3056705136892
-1568.3795462369167
-1689.3119822565243
-1277.2726543348085
-383.4489394657563
-128.99236108072427
-249.18769154645474
-366.7886976462164
-638.5268711066217
-124.43768533230828
-127.5884058742212
-2326.396449250419
-707.5043079011805
-1581.8676661511724
-135.31672066670816
-387.28711821796253
-6.432340859483986
-124.74641638181976
-402.70129382607394
-386.6928456192388
-253.9519263519987
-268.8544384635069
-6.946113698649349
-260.2253573415072
-133.29517300237978
-245.72116090397444
-259.78746211386994
-249.63863133427594
-376.74834177840836
-243.94567769060743
-500.54143765012014
-246.89230518179878
-129.29275040620414
-283.66246781416584
-3.5300839803641004
-3.8565049957863717
-126.01598945936726
-261.2038165207798
-131.0101229567821
-375.60887466251756
-244.69373947963052
-385.44263207136277
-523.7566135043911
-242.6904191185731
-126.98716964253641
-593.4909318549261
-271.8017429244634
-258.84465433026355
-3.2561085519640405
-3.9531785877020984
-122.22836832102091
-1114.1464114692428
-595.6521835673321
-347.16368767254943
-128.17754953103554
-357.7723877618872
-248.85851496973345
-126.69520596543474
-240.57549836581327
-125.38508303794887
-3.3559076880313734
-124.95889166363136
-4.66789519368999
-121.14290196713887
-2.7705126103193343
-387.8520245163467
-254.8185847425356
-130.00194998527053
-131.12607758186607
-244.119013193466
-5.1500181904491855
-361.7957672035873
-362.03960748273363
-123.96655192244985
-130.93035958956938
-127.58937231905999
-240.1328470751307
-250.71061732476403
-4.167727067244093
-123.84014417927787
-126.38009960522501
-128.88557326747357
-123.83556197846157
-234.24726905625852
-258.0015978146403
-360.87845247901043
-123.96030363777092
-383.2879544098762
-339.6374867734836
-2.188092648817288
-236.03619668011683
-380.97032555308596
-126.81333921784163
-119.82682590458305
-611.908677892891
-128.94095466587999
-262.5064825246108
-126.90396160214156
-127.40634308412804
-4.914261645289429
-121.60544098799019
-122.31928557919241
-129.8410994944601
-123.04247802393012
-247.33597114598837
-264.9168986694852
-126.87659854467839
-127.31567773047362
-124.73871300427034
-127.2527114039919
-388.4990820181209
-427.6225429026896
-3.5798701360165954
-131.87651914612528
-131.20604123490608
-129.51293251021625
-244.05240784680052
-127.0038581191999
-380.607343927105
-386.21405383577996
-128.04375535386768
-383.3737596249565
-373.31188046117967
-269.32854088668904
-125.20046935555654
-2.760919156745534
-3.2853921798991306
-488.87812746691327
-232.84562966606012
-412.3453629346286
-355.024998349619
-126.66890526315548
-133.12971415441487
-125.29740577991285
-130.56898930954114
-245.60898279027336
-126.41675135875091
-5.427068318445772
-126.17290879111778
-124.48521440627869
-127.18424386255157
-127.59719800245905
-127.86501223679291
-2.427526655319398
-126.78501960092558
-234.99367116218107
-118.90931689371185
-131.8647533237068
-384.0472684275928
-246.46316474886376
-126.12011957301995
-122.11236242884323
-125.35011644108987
-258.77140606708826
-254.03824435682637
-121.00001651536861
-251.16804343164605
-5.478154478702368
-123.05196998754015
-411.2018119336187
-234.48058692197588
-119.57031986610279
-262.813325300433
-130.33067059471523
-129.1058037341148
-129.96615203473397
-119.66696752180688
-903.6387520256516
-126.43289338271279
-134.55963246022876
-129.61456158770673
-2.994865242959885
-368.9059205672536
-246.3731404032371
-121.71532995011707
-4.189767388202962
-264.54948720960937
-256.69123591419446
-3.8885812315885953
-244.2241586321649
-128.92961896120852
-132.1355745210107
-3.441218201404151
