-3932.224466665612
-3923.8690163631763
-3886.5564075496836
-3873.044316358628
-3866.480410136125
-3806.1196562306227
-3718.5050543701072
-3653.0610215299566
-3571.645349902689
-3482.9932000615286
-3341.7459180644496
-3300.184079013565
-3109.8888916634646
-3056.6516440159953
-3001.1474866981644
-2882.328759173059
-2724.5301717360426
-2661.232679144798
-2509.457340436929
-2413.6515258184545
-2276.0722659869625
-2155.091285539742
-2033.6444879715136
-1926.7229463740255
-1864.918209681379
-1799.5522457399497
-1699.2453300048653
-1604.9029449454613
-1610.3338091474839
-1537.376962764787
-1467.4600532498732
-1387.2630845686679
-1335.5990186861268
-1255.643455515096
-1187.430674436915
-1147.7878537153988
-1086.628794072621
-1028.989247326169
-992.1455537249702
-932.901351844803
-884.6305747626778
-839.7912679907432
-796.5959822822275
-764.1866683821355
-725.7077603114858
-696.5208504509146
-677.3439146887447
-667.8301419084804
-642.4363700861156
-611.5495542613793
-598.3619028610503
-562.6532837938579
-529.086637714393
-504.9396175805356
-482.2821752746327
-468.5134114407254
-455.37805157857144
-443.3389777684146
-432.80336963873174
-438.50620581965933
-434.68057765526373
-416.4199514799869
-412.0196178923259
-403.0538745206961
-386.7178862139516
-363.70438277570116
-342.0674427786514
-336.4019938791157
-337.65598172986836
-349.564171187224
-356.84112421598337
-359.48632048368535
-358.61781383960516
-344.3526810341663
-331.1986015830535
-325.56048285951033
-320.90099401440835
-301.97841197717366
-291.0699992061356
-273.93026873294315
-264.88995279871136
-249.27966365802845
-249.19409941108475
-249.45062201019158
-242.18584569949118
-235.49452898284895
-251.67539482198418
-236.90072811420296
-244.1421106763134
-244.1878631472647
-237.07115575690455
-230.5878586143116
-224.5950294811519
-233.08468703779025
-226.29766847120348
-213.0644429361018
-207.63311734529194
-202.98763378974456
-198.51893075773944
-194.17746203205516
-197.83434118775332
-193.56497341397053
-214.69508034059552
-209.50768836286272
-211.58089622497891
-226.31616455374925
-213.09022266478172
-215.25128005177527
-232.1120010642706
-225.8423914280992
-219.58792947097902
-228.1268468047514
-222.20536161686314
-224.01442425764984
-225.9200315208624
-220.10501018566916
-207.26258368234508
-202.20882992728303
-205.78448240768284
-209.37394483954301
-204.30379847986728
-207.17063914866566
-217.99123457346522
-212.49077387072072
-214.6316220641588
-217.2408254649806
-211.97181540983524
-216.506527715171
-222.5765113791229
-209.52980516346278
-204.81313382661958
-200.60121774288075
-196.34559470310634
-199.28050527013997
-195.0705293848141
-206.2754441460822
-209.0258954289477
-204.07786966228625
-238.983278688616
-240.0255795225969
-241.5278450301711
-234.7238489610696
-220.89466186479706
-207.9649712858281
-233.27991679077013
-233.4967734501483
-244.4238358844205
-250.8852133279175
-243.54330742542416
-236.80669679742385
-230.34443557585567
-224.5482288594029
-225.73909515805613
-219.94987984670726
-207.10978553518478
-209.8363203920182
-205.03335604471482
-200.58687879403334
-196.2554539972491
-192.27822393459428
-180.9907998179944
-177.79773667357244
-181.38952563287063
-177.72156109299192
-175.0377201436153
-188.600863122679
-184.7419948171177
-181.64360078769218
-178.5331617893963
-175.67347141840108
-179.9811282796648
-176.97909274131956
-188.71300331338867
-185.27955758780092
-174.68905290555657
-171.93446368727064
-177.1899081235094
-181.561849293194
-177.93537890296886
-183.69684257903566
-180.53853372762407
-185.31969680997545
-182.12095429896848
-178.46232972946234
-175.1967279223418
-172.46930197140117
-177.7779834117088
-174.8264932889421
-164.68523038855454
-169.59934633116453
-174.6098153586322
-171.60047268782048
-161.6399299455071
-159.83462127629764
-170.0461036089963
-160.03544698489196
-165.06559443793174
-162.71936135881884
-160.74154161607458
-151.33712054552154
