-3932.224466665612
-3792.9669616250226
-3301.9922028049696
-3661.3548876987547
-3763.6458793169236
-2860.4678450444235
-2345.876291888705
-2627.771173700934
-2296.1331610754996
-2094.1095192166918
-1128.8718334435457
-2649.048600549715
-128.59762317856084
-2222.6014308723106
-2131.5823553854834
-1020.8353612797408
-252.35230188945144
-1669.5719618819717
-131.64370068031246
-912.6937634623544
-120.6638619602553
-259.72259186661904
-130.97799273593847
-251.61879468004662
-896.6440014965875
-775.4854773242272
-127.77031682187705
-126.8722456814675
-1695.4173483125087
-394.3863694358737
-372.0951375162264
-130.84390856312
-526.1953198596515
-3.0062991689506866
-118.76377087874639
-526.7169957449804
-128.47019300243866
-125.96968163175673
-414.92768730618917
-4.742189055517644
-128.38840047605007
-137.30879523043453
-119.86983951548082
-256.44075061402737
-122.87153387130707
-239.25926263530076
-376.90525441474983
-518.781035017674
-244.60061153573488
-127.65610634050891
-391.75536425589763
-3.2182517411752682
-3.20918246944429
-126.6363021501032
-127.31557914882146
-252.8027780428446
-249.59074707149313
-254.72682140929163
-267.7455089403675
-527.8506393208587
-374.7457364130669
-130.33680806731613
-343.08105835230486
-262.5905616984969
-130.78740274162126
-3.1594955764446886
-3.0887161582055573
-247.6432944530563
-357.30179139166
-536.1258060191301
-470.8467216665467
-400.92772867768383
-345.01120974901573
-120.86560041562456
-125.11802351561938
-237.22995619066756
-247.90233544114457
-5.524626727163643
-120.17153245987353
-5.40782465292826
-123.25833649574739
-4.718467120663036
-247.8535928756336
-253.46947606286528
-128.37101683185148
-130.66390042212112
-505.1756263017701
-5.430949692297475
-357.59043748271034
-244.90465185883494
-125.57607330792874
-129.0162033803557
-130.70737306165012
-366.08932209179125
-119.96771092801106
-5.743909552842912
-122.5423497559374
-130.20839141950302
-128.50924992299298
-126.1611186630017
-255.12544796035817
-126.67821162470722
-545.7334221910539
-128.23854737838246
-244.0611527314663
-457.16870170448465
-5.883799737623725
-249.10784578134104
-496.2632969266977
-127.6185071280806
-121.60135880943008
-361.9032183671858
-129.43542700661385
-252.35640562997457
-255.77454531119307
-129.00300926764194
-6.0645684636015575
-123.03335443131125
-261.80303793394677
-265.608856272019
-124.8715055116141
-252.0844762931736
-387.51389622865855
-126.31688952772389
-248.1715770946888
-258.1183454111888
-129.42399121255838
-287.5503538320979
-317.6729221143698
-5.131407784787696
-130.91861621607606
-134.61453243097267
-129.67416707997415
-245.2607708203337
-129.11424051470897
-381.8191087392827
-252.11629886050764
-126.55879931792325
-785.8346867677823
-256.3549592549644
-265.063337982167
-128.127910545146
-4.237397356527457
-5.39981888198149
-629.8807297015285
-236.89419444707337
-415.6144806880181
-352.11345994270425
-128.52011495302844
-131.26646362541928
-129.102343104621
-133.7409903016432
-244.39600050362375
-129.25217330224146
-5.948307987999844
-252.55203314907558
-129.78691460362856
-130.92540186668998
-128.39646551429627
-129.96828628633523
-4.1544886579297975
-127.7730807442953
-237.66088599520901
-120.25678330155863
-132.99087860338165
-401.0901031280106
-124.28639136332413
-133.10209432669276
-129.80295081609407
-130.8716556061429
-247.46775243946317
-129.94720264057753
-372.5442689424713
-131.48890788692685
-8.77114621706166
-128.7792326007915
-259.5252042912507
-250.0555942849196
-121.12067612277501
-273.9597735040821
-131.05836172217604
-260.22458510014764
-132.00732162652616
-121.14387814053306
-124.03563294412047
-129.73962873999832
-260.94732597652836
-128.58648136559734
-5.805444949149617
-246.5871627653877
-253.10716345562594
-124.45410417843708
-5.591426982597694
-131.55145212534964
-330.025993487942
-3.2018265405908553
-243.87123786888796
-125.96170978605018
-129.75569897974796
-4.0011904401907
