9.0
8.94
9.003599999999999
8.943383999999998
8.946780959999998
9.009974102399998
9.009375656255997
9.068813116880637
9.244684329867798
9.17000327007573
9.219803073871185
9.266614889438914
9.430617996072579
9.464780916308223
9.556894061329729
9.583480417649945
9.608471592590947
9.51196329703549
9.541245499213359
9.508770769260558
9.478244523104923
9.509549851718626
9.538976860615508
9.686638248978577
9.645439954039862
9.60671355679747
9.57031074338962
9.596092098786242
9.620326572859067
9.643106978487522
9.604520559778269
9.748249326191573
9.823354366620078
9.773953104622873
9.8475159183455
9.85666496324477
9.865265065450082
9.753349161523078
9.768148211831692
9.84205931912179
9.851535759974482
9.860443614376011
9.80881699751345
9.760287977662642
9.654670699002883
9.67539045706271
9.574867029638947
9.60037500786061
9.564352507388971
9.530491356945632
9.618661875528893
9.58154216299716
9.72664963321733
9.62305065522429
9.885667615910831
9.89252755895618
9.958975905418809
9.90143735109368
9.967351110028059
9.969310043426374
9.911151440820792
9.916482354371544
9.92149341310925
9.806203808322694
9.757831579823332
9.712361685033933
9.669619983931895
9.68944278489598
9.70807621780222
9.605591644734087
9.629256146050041
9.591500777287038
9.496010730649816
9.466250086810827
9.618275081602178
9.581178576706048
9.606307862103684
9.569929390377464
9.595733626954814
9.619989609337525
9.582790232777274
9.547822818810637
9.574953449681997
9.540456242701076
9.50802886813901
9.53754713605067
9.565294307887628
9.59137664941437
9.495894050449508
9.646140407422537
9.607371982977185
9.570929663998552
9.536673884158638
9.50447345110912
9.594205044042573
9.618552741400018
9.641439576916015
9.602953202301055
9.566776010162993
9.532769449553214
9.62080328258002
9.643555085625218
9.724941780487704
9.74144527365844
9.816958557238934
9.767941043804598
9.901864581176323
9.967752706305744
9.969687543927398
9.971506291291753
9.973215913814247
10.514822958985393
10.48393358144627
10.454897566559492
10.66760371256592
10.927547489811966
10.991894640423247
11.052380961997853
11.16923810427798
11.159083818021301
11.089538788940022
11.08416646160362
11.139116473907404
11.130769485472959
11.12292331634458
11.115547917363905
11.16861504232207
11.218498139782746
11.14538825139578
10.956664956312032
11.01926505893331
11.018109155397312
10.957022606073473
10.899601249709063
10.845625174726518
10.734887664242926
10.690794404388349
10.769346740125048
10.723185935717543
10.619794779574491
10.522607092800023
10.67125066723202
10.690975627198098
10.709517089566212
10.726946064192239
10.743329300340704
10.638729542320263
10.540405769781046
10.507981423594183
10.47750253817853
10.628852385887818
10.591121242734548
10.555653968170475
10.762314730080245
10.65657584627543
10.557181295498903
10.643750417768969
10.545125392702829
10.51241786914066
10.48167279699222
10.452772429172686
11.565606083422324
11.411669718416984
11.326969535311964
11.187351363193244
11.056110281401647
10.992743664517548
10.933179044646494
10.877188301967703
10.764557003849639
10.59868358361866
10.56276256860154
10.468996814485447
10.32085700561632
10.30160558527934
10.283509250162579
10.326498695152823
10.306908773443652
10.168494247037033
10.15838459221481
10.148881516681922
10.019948625681007
9.958751708140145
9.901226605651736
9.787153009312632
9.799923828753874
9.751928399028643
9.706812695086924
9.66440393338171
9.684539697378806
9.583467315536078
9.608459276603913
9.571951720007679
9.477634616807219
9.388976539798785
9.305637947410858
9.287299670566206
9.270061690332234
9.1938579889123
9.302226509577563
9.40409291900291
9.499847343862735
9.52985650323097
9.558065113037111
9.704581206254884
9.72230633387959
9.798967953846814
9.871029876616005
9.878768084019043
9.8860419989779
9.892879479039225
10.019306710296872
10.01814830767906
10.017059409218314
10.076035844665215
10.071473693985302
10.007185272346184
10.126754156005413
10.119148906645087
10.051999972246382
9.988879973911597
10.049547175476901
9.926574344948287
9.87097988425139
9.878721091196306
10.005997825724528
9.885637956181055
9.892499678810191
9.898949698081578
9.905012716196683
9.85071195322488
9.859669236031387
9.868089081869503
9.816003736957331
9.82704351273989
9.897420901975496
9.843575647856966
9.792961108985548
9.745383442446414
9.82066043589963
9.831420809745651
9.961535561160913
10.143843427491257
10.495212821841783
10.645500052531274
11.626770049379395
12.66916384641663
13.469014015631632
14.400873174693734
16.65682078421211
17.99741153715938
19.677566844929814
19.636912834234025
21.81869806417998
22.72957618032918
26.405801609509425
26.74145351293886
27.05696630216253
27.593548324032774
31.637935424590804
32.67965929911535
34.31887974116843
38.319746956698324
39.74056213929642
49.35612841093864
58.39476070628232
66.89107506390538
74.51761056007105
80.18655392646679
81.85536069087878
82.10403904942605
85.15779670646049
92.04832890407286
98.52542916982848
104.61390341963877
110.33706921446044
115.7168450615928
120.77383435789723
125.52740429642338
129.99576003863797
132.5160144363197
134.7050535701405
134.96275035593206
136.52498533457614
136.79348621450157
135.72587704163146
135.26232441913356
133.74658495398555
131.7217898567464
130.9584824653416
130.1809735174211
123.39011510637583
124.02670819999327
126.24510570799366
125.93039936551403
130.19457540358317
132.3429008793682
136.4023268266061
139.61818721700973
139.76109598398915
140.73543022494977
141.95130441145278
140.1542261467656
139.30497257795966
138.62667422328207
140.14907376988515
141.70012934369203
144.77812158307052
137.35143428808627
140.1503482308011
143.74132733695302
147.11684769673582
150.28983683493166
153.27244662483577
156.07609982734562
158.71153383770488
161.18884180744257
163.517511298996
165.70646062105624
163.80407298379285
160.69582860476527
158.19407888847934
155.7224341551706
154.35908810586034
153.1975428195087
153.84569025033818
152.23494883531788
150.8408519051988
146.29040079088688
149.51297674343365
152.54219813882762
155.38966625049795
157.58628627546807
160.13110909894
157.30324255300357
156.92504799982336
153.86954511983396
151.47737241264392
150.12873006788527
147.00100626381214
145.6809458879834
143.9600891347044
143.4224837866221
140.9371347594248
139.5609066738593
139.16725227342772
137.53721713702205
136.18498410880073
132.87388506227268
130.0014519585363
128.6213648410241
126.78408295056265
124.63703797352888
124.53881569511714
122.46648675341011
121.9584975482055
119.56098769531316
120.36732843359437
124.90528872757871
129.41097140392398
125.48631311968853
125.6971343325072
130.15530627255677
130.86598789620336
130.33402862243116
128.33398690508528
132.51394769078016
136.56311082933334
140.00932417957333
142.88876472879892
146.315438845071
148.0365125143667
147.6143217635047
147.7574624576944
150.89201471023273
151.79849382761876
151.33058419796163
151.01074914608392
151.6101041973189
151.09349794547975
151.86788806875097
150.9758147846259
152.53726589754834
154.24502994369544
154.11032814707372
156.08370845824928
158.71868595075432
159.33556479370904
161.77543090608648
163.4689050517213
160.140770748618
162.53232450370092
164.78038503347886
166.89356193147012
166.41994821558188
166.45475132264698
164.98746624328817
167.08821826869087
168.7029251725694
170.2207496622152
172.00750468248228
173.68705440153335
175.26583113744132
175.72988126919483
172.14608839304313
173.81732308946053
175.38828370409288
176.8649866818473
173.45308748093646
171.68590223208025
171.34474809815543
171.38406321226608
172.3210194195301
170.62175825435827
168.30445275909676
168.16618559355095
170.07621445793788
167.5516415904616
166.55854309503388
166.88503050933184
163.53192867877192
162.1200129580456
164.39281218056286
166.52924344972908
165.11748884274533
167.2104395121806
169.17781314144978
171.02714435296278
172.105515691785
165.3791847502779
159.0564336652612
152.2130476453455
154.90026478662477
157.60624889942727
159.54987396546164
161.97688152753395
162.27826863588191
159.14157251772897
159.91307816666523
162.3182934766653
164.57919586806537
166.70444411598143
168.70217746902253
170.58004682088117
172.3452440116283
174.00452937093058
175.56425760867475
177.03040215215427
178.408578023025
179.7040633416435
176.96181954114488
176.78411036867618
178.1770637465556
179.48643992176227
180.71725352645652
175.45421831486914
175.96696521597698
169.00894730301835
163.12841046483723
161.620705836947
163.92346348673016
161.64805567752634
163.88917233687476
166.05582199666227
158.79247267686253
157.6049243162508
160.14862885727572
162.53971112583918
164.7873284582888
166.90008875079147
168.88608342574398
170.75291842019934
167.22774331498738
169.19407871608811
171.0424339931228
172.77988795353542
174.41309467632328
173.90830899574388
173.13381045599922
174.74578182863925
171.6410349189209
171.84257282378564
173.5320184543585
172.360097347097
174.01849150627118
175.5773820158949
177.0427390949412
178.42017474924472
179.71496426429002
176.9120664084326
178.29734242392664
179.59950187849103
180.82353176578155
177.53411985983465
177.20207266824454
175.92994830814985
177.37415140966084
178.7317023250812
180.00780018557631
181.20733217444172
179.0948922439752
176.6891987093367
178.08784678677648
179.4025759795699
180.63842142079568
181.80011613554794
182.89210916741504
183.91858261737013
183.56346766032792
181.48965960070822
182.18028002466573
182.5894632231858
183.63409542979463
182.81604970400693
183.6670867217665
184.6470615184605
185.56823782735287
184.03414355771167
184.75209494424897
185.666969247594
186.52695109273836
187.33533402717404
188.09521398554358
188.80950114641095
188.40093107762627
189.09687521296868
189.75106270019054
188.5659989381791
189.25203900188833
189.89691666177504
187.68310166206854
188.4221155623444
189.11678862860373
189.1697813108875
189.81959443223423
187.79041876630015
188.52299364032214
189.2116140219028
188.4789171805886
186.1701821497533
183.9399712207681
184.90357294752198
185.80935857067064
183.5407970564304
181.82834923304458
175.4786482790619
172.38992938231817
174.04653361937906
171.8237416022163
172.49431710608332
174.1446580797183
175.6959785949352
177.1542198792391
176.66496668648472
177.46506868529562
175.3971645641779
175.67333469032724
176.83293460890758
174.26295853237312
171.12718102043073
169.19955015920488
170.74757714965256
172.5027225206734
174.15255916943298
175.703405619267
177.16120128211097
176.5515292051843
177.95843745287323
179.28093120570082
180.52407533335875
181.69263081335723
182.79107296455578
180.8236085866824
181.97419207148147
180.59574054719255
181.75999611436097
182.85439634749932
183.88313256664935
177.4701446126504
168.98193593589136
162.74301977973786
157.17843859295357
156.20773227737635
157.45526834073377
157.12795224028974
155.44027510587236
155.95385859952
155.1766270835488
156.06602945853584
156.66206769102368
158.30234362956224
160.8042030117885
163.15595083108119
165.3665937812163
167.4445981543433
169.3979222650827
171.23404692917774
172.96000411342706
171.52240386662143
168.37105963462412
167.38879605654665
169.34546829315386
171.18474019556461
172.91365578383073
174.5388364368009
176.06650625059282
177.50251587555724
178.8523649230238
180.12122302764237
181.31394964598383
175.41511266722478
166.15020590719126
163.80119355275977
165.97312193959417
165.4947346232185
167.5650505458254
169.51114751307585
171.3404786622913
173.0600499425538
174.67644694600057
175.1758601292405
176.66530852148605
178.0653900101969
175.66146660958506
174.78177861300995
176.29487189622935
177.71717958245557
178.87414880750822
180.1416998790577
181.33319788631425
182.4532060131354
183.50601365234726
184.01565283320642
184.97471366321403
185.87623084342118
180.6636569928159
181.82383757324695
177.15440731885212
178.525142879721
170.87363430693773
172.62121624852145
170.96394327361014
169.94610667719354
171.74934027656192
171.2843798599682
171.14731706837009
172.87847804426787
174.50576936161178
176.03542319991507
177.47329780792015
177.9248999394449
179.24940594307822
179.8344415864935
180.02437509130388
181.22291258582564
179.8295378306761
181.03976556083552
179.59737962718538
180.82153684955424
181.97224463858097
179.1539099602661
179.74467536265013
180.9599948408911
179.28239515043765
180.52545144141138
172.9939243549267
174.61428889363108
176.1374315600132
177.5691856664124
178.91503452642766
178.200132454842
179.50812450755146
180.73763703709835
181.89337881487245
182.9797760859801
184.00098952082126
184.96093014957196
185.86327434059763
186.71147788016177
187.50878920735204
188.2582618549109
187.40276614361622
188.15860017499924
188.86908416449927
189.5369391146293
190.16472276775153
190.75483940168644
191.30954903758524
191.83097609533013
192.32111752961032
192.7818504778337
193.21493944916367
193.62204308221382
191.60472049728097
190.1284372674441
187.48073103139743
186.73188716951358
187.52797393934276
185.93629550298218
186.78011777280324
182.59331070643503
180.81771206404892
180.588649340206
177.31333037979363
178.674530557006
179.95405872358563
178.51681520017047
175.84580628816022
177.29505791087058
178.65735443621833
178.2579131700452
177.76243837984248
176.57669207705192
176.4820905524288
176.93316511928305
178.31717521212605
175.11814469939847
175.95105601743455
176.43399265638845
173.46795309700514
175.05987591118483
172.65628335651374
171.7169063551229
173.2938919738155
173.51625845538658
175.10528294806338
176.59896597117955
171.40302801290878
166.93884633213423
168.92251555220616
168.8071646190738
170.61873474192936
168.72161065741358
170.59831401796876
172.36241517689064
174.0206702662772
175.57943005030054
177.0446642472825
178.42198439244555
168.9766653288988
167.17806540916487
164.52738148461498
162.4557385955381
159.36839427980578
161.80629062301742
161.75791318563637
153.55243839449818
153.6392920908283
148.1409345653786
151.25247849145586
154.1773297819685
156.92668999505037
159.51108859534733
160.6804232796265
152.5995978828489
151.66362200987797
144.8438046892853
144.37317640792816
147.65078582345245
150.7917386740453
153.74423435360256
156.5195802923864
159.1284054748432
161.5807011463526
163.88585907757144
166.05270753291714
168.08954508094212
168.5641723760856
159.47032203352046
158.30210271150924
156.48397654881867
154.17493795588956
152.72444167853618
145.960975177824
139.30331666715455
132.26511766712525
125.82921060709774
126.79945797067187
128.31149049243155
123.37280106288566
117.5304329991125
111.73860701916576
106.8942905980158
106.72063316213485
102.29739517240675
104.97955146206235
103.9607783743386
107.08313167187828
111.33814377156557
105.91785514527163
108.20278383655533
110.110616806362
104.16397979798028
106.73414101010147
108.19009254949538
112.79868699652565
114.6707657767341
118.05051983013006
119.42748864032224
120.7818393219029
125.53492896258871
130.00283322483338
132.58266323134336
135.18770343746274
138.83644123121496
140.04625475734204
143.64347947190151
147.02487070358742
150.20337846137218
153.19117575368983
155.99970520846844
158.63972289596032
161.1213395222027
163.45405915087053
165.6468156018183
165.3680066657092
157.96592626576665
156.82797068982066
155.2782924484314
155.6815949015255
154.08069920743398
156.83585725498793
158.28570581968864
156.7685634705073
158.34244966227683
149.62190268254022
152.6445885215878
154.4059132102925
157.14155841767496
159.71306491261444
162.13028101785756
162.0624641567861
163.55871630737892
165.74519332893618
166.1204817292
168.153252825448
170.06405765592112
165.38021419656584
156.23740134477188
156.28315726408556
158.90616782824043
161.371797758546
163.20948989303324
163.67692049945123
163.15630526948416
161.4669269533151
161.31891133611617
157.7597766559492
157.35419005659224
159.9129386531967
162.31816233400488
164.57907259396458
166.7043282383267
168.70206854402707
169.91994443138543
171.7247477655023
173.42126289957213
175.0159871255978
176.51502789806193
177.2041262241782
174.9718786507275
173.1735659316838
172.32315197578276
173.9837628572358
175.54473708580164
177.01205286065354
176.95132968901433
178.33424990767347
179.63419491321304
180.85614321842024
182.004774625315
183.0844881477961
182.9594188589283
183.9818537273926
182.06294250374904
183.1391659535241
181.45081599631266
181.00376703653387
182.14354101434182
180.9349285534813
182.0788328402724
183.15410286985605
184.16485669766467
185.11496529580478
186.0080673780565
186.8475833353731
187.6367283352507
188.37852463513565
189.0758131570275
189.73126436760586
189.9873885055495
188.9081451952165
188.1936564835035
188.9020370944933
189.5679148688237
190.19383997669425
190.7822095780926
191.33527700340701
191.8551603832026
192.34385076021042
191.4232197145978
189.05782653172193
187.3743569398186
187.6518955234295
188.3927817920237
189.08921488450227
189.7438619914321
183.9392302719462
184.9028764556294
180.64870386829165
181.80978163619415
181.82119473802248
182.91192305374113
173.01720767051665
173.97617521028565
175.53760469766848
174.24534841580837
175.61062751085984
175.93398986020821
177.3779504685957
177.29527344047997
177.63755703405116
178.07930361200806
179.39454539528757
176.6708726715703
177.17062031127605
168.52038309259947
168.7891601070435
170.66181050062087
171.5821018705836
173.28717575834858
172.36994521284765
174.0277485000768
175.58608359007218
175.97091857466782
177.41266346018773
171.62790365257644
173.33022943342183
174.45041566741654
166.08339072737152
167.7583872837292
165.49288404670546
164.80331100390313
156.35511234366894
158.9738056030488
161.43537726686586
161.0492546308539
163.38629935300267
163.4831213918225
155.17413410831313
157.86368606181432
160.39186489810544
162.7683530042191
165.00225182396596
166.74211671452798
168.73758971165628
161.73333432895691
164.0293342692195
166.1875742130663
168.21631976028232
168.8633405746654
169.89154014018544
169.4180477317743
167.47296486786783
168.40458697579575
170.300311757248
172.0822930518131
173.7573554687043
174.79191414058204
175.70439929214712
177.16213533461828
178.53240721454117
179.64046278166867
180.86203501476854
178.7703129138824
178.12409413904948
177.81664849070648
178.78764958126408
180.0603906063882
181.2567671700049
180.7613611398046
179.8156794714163
181.02673870313131
182.1651343809434
180.2952263180868
179.61751273900157
180.84046197466145
181.99003425618176
182.59063220081086
182.9151942687622
183.94028261263645
184.90386565587826
185.80963371652555
186.66105569353402
187.46139235192197
185.87370881080665
186.72128628215825
187.51800910522874
188.266928558915
186.4509128453801
186.12385807465728
185.21642659017783
186.10344099476714
186.9372345350811
187.72100046297624
188.45774043519765
189.1502760090858
189.80125944854063
190.41318388162819
190.98839284873048
191.52908927780663
190.83734392113823
188.68710328586994
187.20587708871773
187.97352446339465
188.69511299559096
189.37340621585548
190.01100184290414
190.61034173232989
191.1737212283901
191.7032979546867
192.20110007740547
192.66903407276112
193.10889202839545
192.32235850669173
192.7830169962902
193.21603597651279
193.623073817922
194.00568938884666
193.10534802551587
191.8390271439849
190.3486855153458
188.88776438442505
187.81449852135952
188.54562861007796
189.23289089347327
189.87891743986486
190.48618239347297
191.05701144986458
191.1735907628727
191.70317531710032
192.2009847980743
191.76892571018982
192.26279016757843
192.7270227575237
193.16340139207227
193.57359730854793
193.95918147003505
194.32163058183295
194.66233274692297
194.9825927821076
193.06363721518113
192.09981898227025
192.213829843334
185.66100005273393
186.5213400495699
187.33005964659569
186.71025606779995
187.50764070373194
188.257182261508
188.96175132581752
189.62404624626845
190.24660347149234
189.87180726320278
190.17949882741058
190.76872889776593
191.32260516389996
191.84324885406596
192.332653922822
191.05269468745266
191.5895330062055
192.09416102583316
192.56851136428315
186.05440068242615
186.89113664148056
187.67766844299172
188.4170083364122
183.53198783622744
184.5200685660538
178.06886445209057
179.38473258496512
177.0816486298672
178.45674971207515
179.74934472935064
180.96438404558958
179.34652100285422
179.98572974268296
180.04658595812197
181.24379080063463
182.36916335259653
183.42701355144072
182.38139273835426
183.438509174053
183.7721986236098
184.7458667061932
176.4211147038216
177.8358478215923
179.16569695229674
180.41575513515892
181.35080982704937
182.4697612374264
183.52157556318082
182.35028102938998
183.40926416762656
177.62470831756895
178.9672258185148
180.2291922694039
181.41544073323968
182.53051428924527
183.57868343189054
184.5639624259771
185.49012468041846
186.36071719959335
177.39907416761773
176.35512971756066
176.993821934507
178.37419261843658
179.67174106133038
180.89143659765054
182.0379504017915
183.115673377684
184.12873297502296
185.08100899652158
182.43614845673028
182.94997954932646
183.67298077636684
176.19260192978481
175.70104581399772
176.13898306515784
174.57064408124836
176.09640543637346
177.53062111019105
176.9587838435796
176.7812568129648
178.1743814041869
179.48391851993568
180.71488340873952
181.87199040421515
182.95967097996223
183.9820907211645
184.94316527789462
185.84657536122094
185.19578083954767
186.0840339891748
186.9189919498243
176.8438524328348
178.2332212868647
177.7992280096528
179.13127432907362
180.3833978693292
181.56039399716943
181.94677035733926
183.0299641358989
184.04816628774495
185.00527631048024
185.90495973185142
186.75066214794032
187.18562241906386
187.95448507392
188.6772159694848
189.3565830113157
189.99518803063674
190.59547674879852
188.81974814387058
187.69056325523832
187.649129459924
185.93018169232855
186.77437079078882
186.00790854334147
185.70743403074096
186.5649879888965
187.37108870956268
188.12882338698893
188.84109398376958
189.5106283447434
190.13999064405877
190.73159120541524
191.28769573309032
191.8104339891049
192.3018079497586
192.76369947277308
193.19787750440668
192.40600485414228
192.86164456289373
192.3899458891201
188.58654913577288
189.2713561876265
184.8150748163689
177.80617032738678
179.13780010774357
180.38953210127895
181.56616017520219
182.67219056469006
183.71185913080865
181.5091475829601
182.6185987279825
183.66148280430352
184.6417938360453
185.56328620588258
186.42948903352962
187.24371969151784
184.04909651002674
185.00615071942514
185.9057816762596
186.75143477568403
182.92634868914297
183.9507677677944
184.91372170172673
180.47889839962312
181.65016449564573
182.75115462590696
183.78608534835254
184.75892022745137
181.29338501380428
178.33578191297602
178.91563499819745
180.1806968983056
181.36985508440725
182.4876637793428
183.53840395258223
183.92609971542728
184.89053373250164
185.13710170855154
186.02887560603844
185.48714306967614
185.45791448549556
186.33043961636582
187.15061323938386
187.9215764450208
188.04628185831956
188.76350494682038
189.43769465001114
190.07143297101047
189.7071469927498
190.3247181731848
190.60523508279368
191.16892097782605
190.19878571915646
189.70685857600705
180.66444706144662
181.82458023775982
182.91510542349423
183.94019909808455
184.90378715219947
185.8095599230675
186.66098632768345
187.46132714802243
188.2136475191411
188.92082866799262
189.58557894791306
190.21044421103826
190.79781755837595
190.32994850487339
189.77015159458097
190.3839424989061
190.9609059489717
191.5032515920334
192.01305649651138
192.4922731067207
192.94273672031744
193.3661725170984
193.70420216607246
189.5819500361081
190.20703303394163
190.79461105190512
191.3469343887908
191.86611832546333
190.9141512259355
191.45930215237937
191.9717440232366
192.4534393818424
192.90623301893186
193.33185903779594
193.73194749552817
194.10803064579648
194.46154880704867
194.79385587862575
195.1062245259082
