9.0
8.0
10.0
8.0
9.0
10.0
9.0
10.0
12.0
8.0
10.0
10.0
12.0
10.0
11.0
10.0
10.0
8.0
10.0
9.0
9.0
10.0
10.0
12.0
9.0
9.0
9.0
10.0
10.0
10.0
9.0
12.0
11.0
9.0
11.0
10.0
10.0
8.0
10.0
11.0
10.0
10.0
9.0
9.0
8.0
10.0
8.0
10.0
9.0
9.0
11.0
9.0
12.0
8.0
14.0
10.0
11.0
9.0
11.0
10.0
9.0
10.0
10.0
8.0
9.0
9.0
9.0
10.0
10.0
8.0
10.0
9.0
8.0
9.0
12.0
9.0
10.0
9.0
10.0
10.0
9.0
9.0
10.0
9.0
9.0
10.0
10.0
10.0
8.0
12.0
9.0
9.0
9.0
9.0
11.0
10.0
10.0
9.0
9.0
9.0
11.0
10.0
11.0
10.0
11.0
9.0
12.0
11.0
10.0
10.0
10.0
19.0
10.0
10.0
14.0
15.0
12.0
12.0
13.0
11.0
10.0
11.0
12.0
11.0
11.0
11.0
12.0
12.0
10.0
8.0
12.0
11.0
10.0
10.0
10.0
9.0
10.0
12.0
10.0
9.0
9.0
13.0
11.0
11.0
11.0
11.0
9.0
9.0
10.0
10.0
13.0
10.0
10.0
14.0
9.0
9.0
12.0
9.0
10.0
10.0
10.0
29.0
9.0
10.0
9.0
9.0
10.0
10.0
10.0
9.0
8.0
10.0
9.0
8.0
10.0
10.0
11.0
10.0
8.0
10.0
10.0
8.0
9.0
9.0
8.0
10.0
9.0
9.0
9.0
10.0
8.0
10.0
9.0
8.0
8.0
8.0
9.0
9.0
8.0
11.0
11.0
11.0
10.0
10.0
12.0
10.0
11.0
11.0
10.0
10.0
10.0
12.0
10.0
10.0
11.0
10.0
9.0
12.0
10.0
9.0
9.0
11.0
8.0
9.0
10.0
12.0
8.0
10.0
10.0
10.0
9.0
10.0
10.0
9.0
10.0
11.0
9.0
9.0
9.0
11.0
10.0
12.0
13.0
16.0
13.0
27.0
29.0
26.0
29.0
52.0
39.0
46.0
19.0
56.0
37.0
84.0
32.0
32.0
36.0
95.0
49.0
60.0
101.0
62.0
200.0
200.0
200.0
194.0
169.0
108.0
86.0
133.0
200.0
200.0
200.0
200.0
200.0
200.0
200.0
200.0
172.0
169.0
139.0
161.0
141.0
119.0
128.0
110.0
100.0
119.0
118.0
17.0
134.0
161.0
121.0
197.0
166.0
200.0
190.0
142.0
156.0
161.0
112.0
126.0
128.0
164.0
166.0
193.0
21.0
184.0
200.0
200.0
200.0
200.0
200.0
200.0
200.0
200.0
200.0
134.0
112.0
119.0
117.0
133.0
135.0
164.0
127.0
129.0
75.0
200.0
200.0
200.0
192.0
200.0
113.0
151.0
106.0
114.0
129.0
98.0
125.0
117.0
135.0
102.0
118.0
133.0
112.0
115.0
81.0
85.0
107.0
98.0
91.0
123.0
90.0
114.0
82.0
133.0
196.0
200.0
64.0
129.0
200.0
142.0
122.0
97.0
198.0
200.0
194.0
188.0
200.0
175.0
141.0
150.0
200.0
166.0
144.0
146.0
161.0
143.0
164.0
137.0
177.0
181.0
152.0
187.0
200.0
169.0
200.0
190.0
108.0
200.0
200.0
200.0
159.0
167.0
142.0
200.0
194.0
194.0
200.0
200.0
200.0
183.0
116.0
200.0
200.0
200.0
120.0
144.0
166.0
172.0
187.0
144.0
132.0
166.0
200.0
128.0
151.0
172.0
111.0
140.0
200.0
200.0
143.0
200.0
200.0
200.0
189.0
60.0
60.0
45.0
197.0
200.0
190.0
200.0
167.0
110.0
172.0
200.0
200.0
200.0
200.0
200.0
200.0
200.0
200.0
200.0
200.0
200.0
134.0
174.0
200.0
200.0
200.0
93.0
184.0
60.0
71.0
138.0
200.0
126.0
199.0
200.0
45.0
139.0
200.0
200.0
200.0
200.0
200.0
200.0
112.0
200.0
200.0
200.0
200.0
166.0
161.0
200.0
123.0
175.0
200.0
154.0
200.0
200.0
200.0
200.0
200.0
133.0
200.0
200.0
200.0
126.0
172.0
156.0
200.0
200.0
200.0
200.0
146.0
139.0
200.0
200.0
200.0
200.0
200.0
200.0
178.0
149.0
193.0
189.0
200.0
170.0
197.0
200.0
200.0
160.0
196.0
200.0
200.0
200.0
200.0
200.0
182.0
200.0
200.0
170.0
200.0
200.0
153.0
200.0
200.0
190.0
200.0
156.0
200.0
200.0
177.0
150.0
149.0
200.0
200.0
148.0
155.0
76.0
124.0
200.0
137.0
183.0
200.0
200.0
200.0
169.0
190.0
143.0
180.0
195.0
134.0
122.0
139.0
195.0
200.0
200.0
200.0
200.0
167.0
200.0
200.0
200.0
200.0
200.0
150.0
200.0
159.0
200.0
200.0
200.0
77.0
36.0
65.0
70.0
141.0
177.0
152.0
129.0
164.0
143.0
170.0
166.0
184.0
200.0
200.0
200.0
200.0
200.0
200.0
200.0
149.0
119.0
152.0
200.0
200.0
200.0
200.0
200.0
200.0
200.0
200.0
200.0
83.0
21.0
127.0
200.0
158.0
200.0
200.0
200.0
200.0
200.0
183.0
200.0
200.0
138.0
161.0
200.0
200.0
197.0
200.0
200.0
200.0
200.0
192.0
200.0
200.0
99.0
200.0
104.0
200.0
51.0
200.0
145.0
154.0
200.0
164.0
169.0
200.0
200.0
200.0
200.0
185.0
200.0
189.0
183.0
200.0
158.0
200.0
157.0
200.0
200.0
135.0
189.0
200.0
153.0
200.0
55.0
200.0
200.0
200.0
200.0
167.0
200.0
200.0
200.0
200.0
200.0
200.0
200.0
200.0
200.0
200.0
174.0
200.0
200.0
200.0
200.0
200.0
200.0
200.0
200.0
200.0
200.0
200.0
160.0
167.0
146.0
175.0
200.0
161.0
200.0
117.0
153.0
177.0
126.0
200.0
200.0
156.0
134.0
200.0
200.0
172.0
170.0
158.0
175.0
184.0
200.0
125.0
189.0
184.0
127.0
200.0
135.0
157.0
198.0
177.0
200.0
200.0
90.0
97.0
200.0
167.0
199.0
139.0
200.0
200.0
200.0
200.0
200.0
200.0
21.0
139.0
123.0
130.0
111.0
200.0
161.0
25.0
155.0
62.0
200.0
200.0
200.0
200.0
179.0
26.0
137.0
38.0
137.0
199.0
200.0
200.0
200.0
200.0
200.0
200.0
200.0
200.0
176.0
17.0
140.0
128.0
118.0
130.0
40.0
35.0
22.0
25.0
142.0
152.0
46.0
26.0
21.0
31.0
104.0
33.0
147.0
88.0
156.0
178.0
21.0
144.0
140.0
11.0
147.0
131.0
185.0
144.0
171.0
141.0
142.0
200.0
200.0
173.0
176.0
196.0
159.0
200.0
200.0
200.0
200.0
200.0
200.0
200.0
200.0
200.0
161.0
42.0
139.0
131.0
162.0
129.0
200.0
181.0
133.0
183.0
13.0
200.0
182.0
200.0
200.0
200.0
161.0
187.0
200.0
172.0
200.0
200.0
92.0
13.0
157.0
200.0
200.0
192.0
171.0
155.0
135.0
159.0
102.0
151.0
200.0
200.0
200.0
200.0
200.0
189.0
200.0
200.0
200.0
200.0
188.0
140.0
145.0
159.0
200.0
200.0
200.0
176.0
200.0
200.0
200.0
200.0
200.0
181.0
200.0
152.0
200.0
155.0
174.0
200.0
162.0
200.0
200.0
200.0
200.0
200.0
200.0
200.0
200.0
200.0
200.0
194.0
172.0
177.0
200.0
200.0
200.0
200.0
200.0
200.0
200.0
177.0
152.0
161.0
192.0
200.0
200.0
200.0
93.0
200.0
114.0
200.0
182.0
200.0
18.0
189.0
200.0
154.0
197.0
181.0
200.0
176.0
183.0
185.0
200.0
134.0
185.0
33.0
173.0
200.0
186.0
200.0
158.0
200.0
200.0
182.0
200.0
81.0
200.0
192.0
35.0
194.0
130.0
154.0
24.0
200.0
200.0
155.0
200.0
165.0
25.0
200.0
200.0
200.0
200.0
194.0
200.0
52.0
200.0
200.0
200.0
179.0
186.0
162.0
137.0
183.0
200.0
200.0
200.0
191.0
190.0
200.0
200.0
197.0
200.0
146.0
168.0
173.0
194.0
200.0
200.0
173.0
165.0
200.0
200.0
151.0
169.0
200.0
200.0
192.0
188.0
200.0
200.0
200.0
200.0
200.0
161.0
200.0
200.0
200.0
158.0
181.0
171.0
200.0
200.0
200.0
200.0
200.0
200.0
200.0
200.0
200.0
180.0
155.0
164.0
200.0
200.0
200.0
200.0
200.0
200.0
200.0
200.0
200.0
200.0
180.0
200.0
200.0
200.0
200.0
179.0
172.0
167.0
166.0
171.0
200.0
200.0
200.0
200.0
200.0
193.0
200.0
200.0
185.0
200.0
200.0
200.0
200.0
200.0
200.0
200.0
200.0
163.0
177.0
194.0
83.0
200.0
200.0
177.0
200.0
200.0
200.0
200.0
200.0
184.0
195.0
200.0
200.0
200.0
200.0
171.0
200.0
200.0
200.0
84.0
200.0
200.0
200.0
107.0
200.0
77.0
200.0
141.0
200.0
200.0
200.0
154.0
190.0
181.0
200.0
200.0
200.0
166.0
200.0
189.0
200.0
46.0
200.0
200.0
200.0
196.0
200.0
200.0
164.0
200.0
87.0
200.0
200.0
200.0
200.0
200.0
200.0
200.0
200.0
37.0
160.0
187.0
200.0
200.0
200.0
200.0
200.0
200.0
200.0
141.0
191.0
195.0
59.0
168.0
183.0
150.0
200.0
200.0
168.0
174.0
200.0
200.0
200.0
200.0
200.0
200.0
200.0
200.0
175.0
200.0
200.0
19.0
200.0
171.0
200.0
200.0
200.0
188.0
200.0
200.0
200.0
200.0
200.0
194.0
200.0
200.0
200.0
200.0
200.0
161.0
170.0
187.0
159.0
200.0
174.0
181.0
200.0
200.0
200.0
200.0
200.0
200.0
200.0
200.0
200.0
200.0
200.0
200.0
180.0
200.0
185.0
129.0
200.0
115.0
68.0
200.0
200.0
200.0
200.0
200.0
147.0
200.0
200.0
200.0
200.0
200.0
200.0
134.0
200.0
200.0
200.0
123.0
200.0
200.0
111.0
200.0
200.0
200.0
200.0
127.0
132.0
188.0
200.0
200.0
200.0
200.0
190.0
200.0
189.0
200.0
177.0
185.0
200.0
200.0
200.0
190.0
200.0
200.0
200.0
184.0
200.0
195.0
200.0
175.0
182.0
39.0
200.0
200.0
200.0
200.0
200.0
200.0
200.0
200.0
200.0
200.0
200.0
200.0
183.0
181.0
200.0
200.0
200.0
200.0
200.0
200.0
200.0
199.0
125.0
200.0
200.0
200.0
200.0
176.0
200.0
200.0
200.0
200.0
200.0
200.0
200.0
200.0
200.0
200.0
