9.0
8.94
9.003599999999999
8.943383999999998
8.946780959999998
9.009974102399998
9.009375656255997
9.068813116880637
9.244684329867798
9.17000327007573
9.219803073871185
9.266614889438914
9.430617996072579
9.464780916308223
9.556894061329729
9.583480417649945
9.608471592590947
9.51196329703549
9.541245499213359
9.508770769260558
9.478244523104923
9.509549851718626
9.538976860615508
9.686638248978577
9.645439954039862
9.60671355679747
9.57031074338962
9.596092098786242
9.620326572859067
9.643106978487522
9.604520559778269
9.748249326191573
9.823354366620078
9.773953104622873
9.8475159183455
9.85666496324477
9.865265065450082
9.753349161523078
9.768148211831692
9.84205931912179
9.851535759974482
9.860443614376011
9.80881699751345
9.760287977662642
9.654670699002883
9.67539045706271
9.574867029638947
9.60037500786061
9.564352507388971
9.530491356945632
9.618661875528893
9.58154216299716
9.72664963321733
9.62305065522429
9.885667615910831
9.89252755895618
9.958975905418809
9.90143735109368
9.967351110028059
9.969310043426374
9.911151440820792
9.916482354371544
9.92149341310925
9.806203808322694
9.757831579823332
9.712361685033933
9.669619983931895
9.68944278489598
9.70807621780222
9.605591644734087
9.629256146050041
9.591500777287038
9.496010730649816
9.466250086810827
9.618275081602178
9.581178576706048
9.606307862103684
9.569929390377464
9.595733626954814
9.619989609337525
9.582790232777274
9.547822818810637
9.574953449681997
9.540456242701076
9.50802886813901
9.53754713605067
9.565294307887628
9.59137664941437
9.495894050449508
9.646140407422537
9.607371982977185
9.570929663998552
9.536673884158638
9.50447345110912
9.594205044042573
9.618552741400018
9.641439576916015
9.602953202301055
9.566776010162993
9.532769449553214
9.62080328258002
9.643555085625218
9.724941780487704
9.74144527365844
9.816958557238934
9.767941043804598
9.901864581176323
9.967752706305744
9.969687543927398
9.971506291291753
9.973215913814247
10.514822958985393
10.48393358144627
10.454897566559492
10.60760371256592
10.871147489811964
10.818878640423245
10.88974592199785
11.016361166677978
11.0153794966773
10.95445672687666
10.89718932326406
10.903357963868215
10.84915648603612
10.858207096873953
10.866714671061516
10.934711790797826
10.818629083349954
10.889511338348957
10.776140658048018
10.729572218565135
10.685797885451226
10.704650012324151
10.662371011584701
10.622628750889618
10.58527102583624
10.670154764286066
10.689945478428902
10.648548749723167
10.549635824739777
10.45665767525539
10.549258214740066
10.69630272185566
10.594524558544322
10.618853085031661
10.58172189992976
10.486818585933975
10.397609470777937
10.55375290253126
10.520527728379383
10.48929606467662
10.51993830079602
10.428742002748258
10.763017482583361
10.777236433628358
10.670602247610656
10.570366112754016
10.596144145988774
10.680375497229447
10.579552967395678
10.544779789351937
10.632093001990821
10.714167421871371
10.731317376559089
10.807438333965543
10.69899203392761
10.657052511891953
10.617629361178436
10.580571599507728
10.665737303537265
10.50579306532503
10.475445481405528
10.386918752521197
10.243703627369925
10.229081409727728
10.275336525144064
10.25881633363542
10.243287353617292
10.108690112400256
10.10216870565624
10.096038583316865
10.150276268317853
10.081259692218783
10.016384110685657
9.895401064044517
9.901677000201845
9.847576380189732
9.796721797378346
9.748918489535644
9.763983380163504
9.658144377353693
9.678655714712471
9.637936371829724
9.53966018951994
9.447280578148744
9.36044374345982
9.33881711885223
9.318488091721097
9.23937880621783
9.28501607784476
9.327915113174074
9.368240206383629
9.40614579400061
9.441777046360572
9.415270423578939
9.630354198164202
9.712532946274349
9.789780969497889
9.802394111328015
9.814250464648334
9.945395436769434
10.008671710563268
10.008151407929471
10.067662323453703
10.12360258404648
10.236186429003691
10.162015243263468
10.27229432866766
10.2559566689476
10.180599268810745
10.109763312682102
10.163177513921175
10.153386863085904
10.084183651300748
10.199132632222703
10.18718467428934
10.055953593831978
10.052596378202058
10.049440595509934
10.106474159779337
10.040085710192574
10.037680567581019
9.975419733526156
10.096894549514587
10.211080876543713
10.318416023951091
10.239311062514027
10.224952398763184
10.151455254837394
10.74236793954715
11.29782586317432
11.93995631138386
12.003558932700827
12.603345396738776
14.24714467293445
18.19231599255838
21.06077703300488
24.417130411024587
24.99210258636311
31.172576431181323
33.80222184531044
35.79408853459181
37.6064432225163
39.670056629165316
42.32985323141539
50.35006203753046
59.32905831527863
67.76931481636191
75.7031559273802
83.16096657173738
90.17130857743312
96.76103006278713
100.91536825901989
106.86044616347868
110.70881939366997
113.78629023004976
115.53911281624677
116.40676604727196
116.32236008443564
116.18301847936951
120.85203737060733
124.88091512837089
129.38806022066862
133.6247766074285
136.82729001098278
139.8976526103238
143.50379345370436
146.8935658464821
147.19995189569318
150.36795478195157
153.34587749503447
155.5451248453324
158.21241735461246
160.7196723133357
163.07649197453554
164.1519024560634
162.70278830869958
162.96062101017762
165.18298374956694
167.27200472459293
168.75568444111735
170.6303433746503
172.39252277217128
174.048971405841
175.60603312149053
177.0696711342011
178.44549086614902
179.73876141418006
180.95443572932925
181.01716958556946
182.1561394104353
183.22677104580916
184.2331647830606
185.17917489607694
186.06842440231233
186.9043189381736
187.69005980188317
188.42865621377015
189.12293684094394
189.7755606304873
190.38902699265805
190.96568537309855
191.50774425071262
192.01727959566986
192.49624281992965
191.74646825073387
192.24168015568983
192.70717934634843
193.1447485855675
193.55606367043345
193.94269985020742
194.30613785919496
194.64776958764327
187.70890341238467
182.7463692076416
181.9815870551831
177.7226918318721
168.9193303219598
160.04417050264217
153.80152027248366
147.21342905613463
139.40062331276656
132.47658591400057
132.86799075916053
126.8159113136109
120.40695663479424
114.44253923670658
114.35598688250418
119.49462766955392
124.32495000938069
128.86545300881784
133.13352582828875
137.1455142785914
140.91678342187592
142.90177641656337
146.32766983156955
149.54800964167538
152.57512906317484
155.42062131938434
157.49538404022127
156.26566099780797
156.84972133793949
159.4387380576631
161.8724137742033
164.16006894775109
166.310464810886
168.33183692223284
170.23192670689886
172.0180111044849
173.69693043821582
175.27511461192285
176.75860773520748
178.153091271095
178.0239057948293
177.30247144713954
176.68432316031118
175.9232637706925
177.36786794445095
175.1857958677839
173.91464811571686
171.27976922877386
173.0029830750474
167.54280409054454
169.49023584511187
171.32082169440514
173.04157239274082
174.65907804917637
176.17953336622577
175.44876136425222
172.96183568239707
172.72412554145322
174.240678008966
175.78623732842803
174.29906308872233
174.82111930339897
176.33185214519503
177.75194101648333
179.08682455549433
180.34161508216465
181.52111817723477
182.62985108660067
180.7320600214046
181.88813642012033
182.7948482349131
183.8271573408183
184.7975279003692
185.70967622634703
186.5670956527662
187.3730699136002
188.13068571878418
188.84284457565713
189.51227390111768
190.1415374670506
190.73304521902756
191.2890625058859
188.81171875553275
185.82301563020079
182.77363469238873
179.24721661084538
177.85238361419465
179.18124059734296
180.43036616150238
181.60454419181224
182.70827154030349
182.48577524788527
177.11662873301216
169.30963100903142
171.15105314848952
172.88198995958015
174.50907056200535
176.03852632828503
168.1762147485879
170.08564186367263
171.88050335185227
173.56767315074111
175.15361276169665
168.06439599599483
161.5205322362351
156.149300302061
150.80034228393734
145.95232174690108
141.395182442087
136.75147149556176
133.52638320582804
131.39480021347836
135.51111220066966
133.86044546862948
137.8288187405117
141.559089616081
145.06554423911612
148.36161158476915
149.299914889683
152.041919996302
152.39940479652387
152.49544050873243
155.3457140782085
155.50497123351596
157.694672959505
159.0929925819347
161.54741302701862
160.43456824539751
160.70849415067366
161.08598450163325
161.56082543153522
161.5871759056431
161.4319453513045
161.58602863022622
161.13086691241264
161.42301489766788
163.7376340038078
163.09337596357935
163.92777340576458
165.01210700141868
165.79138058133356
165.02389774645354
163.82246388166632
162.81311604876632
162.46432908584032
161.47646934068987
163.78788118024846
162.96060830943355
161.94297181086753
164.22639350221547
163.25280989208252
161.19764129855758
160.2857828206441
162.66863585140544
162.86851770032112
163.11640663830187
161.78942224000374
164.0820569056035
155.9771334912673
151.71850548179125
145.55539515288376
140.72207144371075
144.2787471570881
147.50202232766281
150.65190098800304
153.61278692872284
156.39601971299948
159.0122585302195
161.47152301840632
162.40323163730193
164.6590377390638
162.69949547471995
164.93752574623676
162.24127420146255
164.50679774937478
162.1363898844123
162.84820649134755
164.1773141018667
166.32667525575468
168.3470747404094
170.24625025598482
168.0114752406257
168.13078672618815
159.48293952261685
150.57396315125982
142.1995253621842
134.26755384045313
126.75150061002594
119.92641057342438
113.33082593901891
107.25097638267776
101.47591779971708
95.92736273173405
90.95172096783
86.2746177097602
89.91814064717457
94.30305220834408
98.72486907584343
103.30137693129282
108.80329431541524
114.27509665649032
119.4185908571009
124.25347540567483
126.15826688133434
119.96877086845427
119.07064461634701
123.92640593936618
128.49082158300422
132.78137228802396
136.5744899507425
132.64002055369792
136.68161932047605
140.48072216124748
144.05187883157262
147.40876610167825
145.64424013557758
145.30558572744292
137.72725058379632
130.30361554876853
134.48539861584243
134.63627469889187
127.57809821695834
121.54341232394084
115.09080758450439
109.62535912943412
112.04783758166806
114.38496732676798
115.74186928716189
120.79735712993217
120.38951570213624
119.76614476000805
119.06017607440756
123.9165655099431
128.4815715793465
132.7726772845857
136.80631664751056
140.59793764865992
144.16206138974033
147.5123377063559
150.30159744397454
153.28350159733606
156.08649150149589
158.24130201140613
160.74682389072177
160.70201445727844
157.35989358984173
153.43829997445124
149.93200197598415
148.31608185742508
145.53711694597956
142.8048899292208
142.45659653346755
143.3292007414595
146.7294486969719
149.92568177515358
152.93014086864434
155.75433241652567
158.40907247153413
160.90452812324207
163.25025643584755
165.4552410496967
165.4879265867149
167.558650991512
169.50513193202127
170.25482401609997
172.03953457513396
173.7171625006259
175.29413275058835
172.81648478555303
174.44749569841983
175.98064595651462
177.42180719912375
178.77649876717632
180.04990884114574
181.24691431067697
182.37209945203634
183.42977348491414
182.26398707581927
179.3081478512701
177.90965898019385
175.99507944138222
177.43537467489926
175.9692521944053
175.19109706274097
173.1396312389765
170.6112533646379
169.4345781627596
171.268503472994
172.99239326461435
174.61284966873748
176.13607868861322
169.1079139672964
170.96143912925862
172.70375278150308
174.3415276146129
175.88103595773612
177.32817380027194
176.1684833722556
173.75837436992023
175.332871907725
176.8128995932615
178.2041256176658
179.51187808060584
178.46116539576948
177.4134954720233
177.68868574370188
176.38736459907977
175.044122723135
175.70147535974687
177.15938683816205
178.5298236278723
176.39803421019997
174.75415215758795
165.58890302813265
164.17356884644468
160.68315471565796
163.04216543271846
165.25963550675536
165.42405737635005
167.49861393376904
166.86869709774288
166.87657527187832
167.60398075556563
159.46774191023167
152.17967739561777
155.0488967518807
155.94596294676785
157.20920516996176
158.87665285976405
161.3440536881782
161.9834104668875
163.54440583887424
165.7317414885418
158.60783699922925
157.4913667792755
155.66188477251896
154.78217168616783
156.95524138499775
151.79792690189785
146.53005128778398
149.73824821051693
152.7539533178859
153.84871611881272
154.69779315168395
155.0159255625829
155.25497002882793
147.25967182709823
147.24409151747233
147.88944602642397
147.7760792648385
147.24951450894818
147.29454363841128
149.7368710201066
149.2126587589002
151.23989923336617
154.1055052793642
156.85917496260234
159.4476244648462
161.88076699695543
163.02792097713808
163.3262457185098
164.92667097539922
167.03107071687526
168.04920647386274
169.42625408543097
171.2606788403051
172.9850381098868
174.60593582329358
176.12957967389596
177.56180489346218
177.76809659985446
177.7820108038632
179.11509015563138
171.18818474629347
172.91689366151584
174.5418800418249
173.3093672393154
172.51080520495645
167.14015689265904
169.11174747909948
170.9650426303535
170.4871400725323
169.85791166818035
167.70643696808952
169.64405075000414
171.0454077050039
161.50268324270365
163.81252224814142
158.24377091325292
160.74914465845774
160.64419597895025
163.00554422021324
165.22521156700043
167.2516988729804
169.21659694060156
170.16360112416547
170.03378505671554
171.7117579533126
173.40905247611383
174.64450932754698
176.16583876789414
177.59588844182048
178.94013513531124
180.20372702719254
181.39150340556097
182.5080132012273
181.33753240915365
172.3772804646044
174.03464363672813
175.59256501852443
176.51701111741295
177.80599045036817
177.87763102334608
176.9249731619453
175.84947477222858
176.63850628589486
178.04019590874117
179.3577841542167
180.59631710496367
181.76053807866583
182.85490579394587
183.22361144630912
184.23019475953058
185.17638307395873
186.0658000895212
186.3018520841499
176.3237409591009
175.22431650155482
175.45085751146152
175.9638060607738
177.40597769712735
178.7616190352997
180.03592189318172
181.23376657959082
182.35974058481537
183.41815614972643
184.41306678074284
183.72828277389826
183.62458580746434
181.8471106590165
178.6162840194755
178.21930697830695
179.2261485596085
180.472579646032
180.62422486727004
181.78677137523383
182.8795650927198
183.90679118715659
184.87238371592719
184.88004069297153
185.66723825139323
186.40720395630962
186.74277171893104
187.53820541579518
188.28591309084746
188.9887583053966
189.6494328070728
190.27046683864842
186.9542388283295
187.7369844986297
188.4727654287119
189.1643995029892
189.81453553280983
190.42566340084122
189.08012359679074
189.7353161809833
188.49119721012426
188.46172537751679
189.15402185486576
189.8047805435738
190.41649371095937
190.9915040883018
190.81201384300368
191.36329301242344
191.88149543167802
189.96860570577732
187.63048936343068
183.39266000162485
184.38910040152734
183.04575437743569
184.06300911478954
181.77922856790215
182.872474853828
183.90012636259831
184.8661187808424
185.77415165399185
186.62770255475232
186.53004040146718
184.0382379773791
184.99594369873637
183.13618707681218
184.14801585220343
185.0991349010712
185.09318680700693
185.9875955985865
182.3283398626713
179.18863947091103
180.43732110265637
180.71108183649696
178.02841692630713
179.3467119107287
177.58590919608497
178.93075464431988
172.27490936566068
170.39841480372104
172.17450991549777
173.8440393205679
173.97339696133383
175.5349931436538
177.00289355503455
175.26271994173246
176.7469567452285
178.14213934051477
179.45361098008388
176.12639432127884
177.5588106620021
178.90528202228197
180.17096510094504
181.36070719488833
182.47906476319503
183.5303208774033
184.5185016247591
185.44739152727354
186.3205480356371
187.14131515349888
187.91283624428894
188.6380660696316
186.5597821054537
187.36619517912646
188.12422346837886
188.8367700602761
183.62656385665954
184.60897002525996
184.09243182374436
184.80688591431968
185.7184727594605
186.57536439389287
185.76084253025928
186.6151919784437
187.41828045973708
181.75318363215285
174.68799261422367
176.20671305737025
177.63431027392804
170.51625165749235
162.4452765580428
155.99855996456023
148.0786463666866
140.39392758468537
140.61029192960422
133.25367441382798
127.1784539489983
120.3877467120584
114.6644819093349
119.78461299477479
113.7375362150883
107.813284042183
102.54448699965202
98.7318177796729
94.42790871289252
98.72223419011895
104.79890013871182
99.41096613038911
105.44630816256576
111.11952967281181
116.45235789244309
115.7052164188965
120.7629034337627
125.51712922773693
129.9861014740727
132.86693538562835
136.89491926249065
140.6812241067412
144.24035066033673
147.5859296207165
144.4907738434735
147.8213274128651
144.29204776809317
147.63452490200757
150.77645340788712
153.72986620341388
156.50607423120903
150.59570977733648
153.55996719069628
156.3463691592545
158.96558700969922
161.42765178911725
161.88199268177019
157.02907312086398
155.52732873361214
154.1756890095954
156.92514766901968
155.54963880887848
155.15666048034578
156.28726085152502
158.91002520043352
159.57542368840748
162.00089826710303
162.24084437107683
163.3663937088122
161.18441008628346
160.75334548110646
163.10814475224007
164.78165606710567
166.8947567030793
168.88107130089455
170.74820702284086
172.5033146014704
173.25311572538217
174.85792878185924
176.36645305494767
177.7844658716508
179.11739791935176
180.37035404419063
181.5481328015392
182.65524483344683
183.69593014344002
184.67417433483362
185.5937238747436
186.45810044225897
187.27061441572343
188.03437755078002
188.7523148977332
189.42717600386922
188.38154544363704
188.1786527170188
188.82793355399764
189.49825754075778
189.22836208831228
189.87466036301353
190.48218074123272
191.05324989675876
191.59005490295323
192.09465160877602
192.56897251224945
193.01483416151447
191.0939441118236
188.80830746511418
189.47980901720732
190.11102047617487
190.70435924760437
191.2620976927481
191.7863718311832
192.2791895213122
192.74243815003345
193.17789186103144
193.58721834936955
187.37198524840738
188.12966613350292
188.84188616549272
189.51137299556316
190.14069061582936
190.73224917887958
191.2883142281468
191.81101537445798
192.30235445199048
192.76421318487104
193.19836039377876
193.60645877015202
193.99007124394288
194.3506669693063
194.68962695114791
195.00824933407904
