9.0
8.0
10.0
8.0
9.0
10.0
9.0
10.0
12.0
8.0
10.0
10.0
12.0
10.0
11.0
10.0
10.0
8.0
10.0
9.0
9.0
10.0
10.0
12.0
9.0
9.0
9.0
10.0
10.0
10.0
9.0
12.0
11.0
9.0
11.0
10.0
10.0
8.0
10.0
11.0
10.0
10.0
9.0
9.0
8.0
10.0
8.0
10.0
9.0
9.0
11.0
9.0
12.0
8.0
14.0
10.0
11.0
9.0
11.0
10.0
9.0
10.0
10.0
8.0
9.0
9.0
9.0
10.0
10.0
8.0
10.0
9.0
8.0
9.0
12.0
9.0
10.0
9.0
10.0
10.0
9.0
9.0
10.0
9.0
9.0
10.0
10.0
10.0
8.0
12.0
9.0
9.0
9.0
9.0
11.0
10.0
10.0
9.0
9.0
9.0
11.0
10.0
11.0
10.0
11.0
9.0
12.0
11.0
10.0
10.0
10.0
19.0
10.0
10.0
13.0
15.0
10.0
12.0
13.0
11.0
10.0
10.0
11.0
10.0
11.0
11.0
12.0
9.0
12.0
9.0
10.0
10.0
11.0
10.0
10.0
10.0
12.0
11.0
10.0
9.0
9.0
12.0
13.0
9.0
11.0
10.0
9.0
9.0
13.0
10.0
10.0
11.0
9.0
16.0
11.0
9.0
9.0
11.0
12.0
9.0
10.0
12.0
12.0
11.0
12.0
9.0
10.0
10.0
10.0
12.0
8.0
10.0
9.0
8.0
10.0
11.0
10.0
10.0
8.0
10.0
10.0
11.0
9.0
9.0
8.0
10.0
9.0
9.0
9.0
10.0
8.0
10.0
9.0
8.0
8.0
8.0
9.0
9.0
8.0
10.0
10.0
10.0
10.0
10.0
9.0
13.0
11.0
11.0
10.0
10.0
12.0
11.0
10.0
11.0
11.0
12.0
9.0
12.0
10.0
9.0
9.0
11.0
10.0
9.0
12.0
10.0
8.0
10.0
10.0
11.0
9.0
10.0
9.0
12.0
12.0
12.0
9.0
10.0
9.0
20.0
20.0
22.0
13.0
22.0
40.0
80.0
66.0
77.0
34.0
128.0
75.0
67.0
66.0
72.0
84.0
176.0
200.0
200.0
200.0
200.0
200.0
200.0
166.0
200.0
171.0
162.0
143.0
130.0
115.0
114.0
194.0
188.0
200.0
200.0
187.0
188.0
200.0
200.0
152.0
200.0
200.0
190.0
200.0
200.0
200.0
181.0
140.0
167.0
200.0
200.0
192.0
200.0
200.0
200.0
200.0
200.0
200.0
200.0
200.0
182.0
200.0
200.0
200.0
200.0
200.0
200.0
200.0
200.0
200.0
200.0
200.0
200.0
200.0
200.0
200.0
180.0
200.0
200.0
200.0
200.0
200.0
200.0
200.0
79.0
105.0
170.0
111.0
31.0
21.0
56.0
44.0
17.0
24.0
139.0
32.0
20.0
21.0
113.0
200.0
200.0
200.0
200.0
200.0
200.0
174.0
200.0
200.0
200.0
200.0
190.0
137.0
166.0
200.0
200.0
200.0
200.0
200.0
200.0
200.0
200.0
200.0
200.0
200.0
176.0
166.0
167.0
164.0
200.0
141.0
154.0
130.0
200.0
82.0
200.0
200.0
200.0
200.0
200.0
164.0
134.0
169.0
198.0
200.0
151.0
183.0
200.0
200.0
200.0
200.0
200.0
200.0
151.0
200.0
197.0
200.0
200.0
200.0
200.0
200.0
200.0
200.0
200.0
200.0
200.0
200.0
150.0
139.0
135.0
124.0
156.0
200.0
200.0
200.0
200.0
179.0
93.0
47.0
200.0
200.0
200.0
200.0
45.0
200.0
200.0
200.0
200.0
57.0
59.0
72.0
67.0
70.0
70.0
64.0
83.0
98.0
200.0
108.0
200.0
200.0
200.0
200.0
164.0
195.0
158.0
154.0
200.0
158.0
192.0
181.0
200.0
143.0
165.0
167.0
169.0
162.0
159.0
164.0
154.0
166.0
200.0
153.0
177.0
182.0
178.0
153.0
145.0
147.0
157.0
146.0
200.0
150.0
146.0
200.0
148.0
129.0
146.0
200.0
166.0
167.0
141.0
200.0
29.0
85.0
49.0
65.0
200.0
198.0
200.0
200.0
200.0
200.0
200.0
177.0
200.0
132.0
200.0
120.0
200.0
125.0
174.0
185.0
200.0
200.0
200.0
133.0
170.0
24.0
11.0
11.0
10.0
9.0
13.0
10.0
12.0
11.0
9.0
13.0
13.0
147.0
163.0
168.0
175.0
195.0
200.0
200.0
200.0
156.0
23.0
105.0
200.0
200.0
200.0
196.0
71.0
200.0
200.0
200.0
200.0
118.0
140.0
19.0
14.0
200.0
137.0
17.0
27.0
14.0
24.0
150.0
151.0
137.0
200.0
114.0
110.0
108.0
200.0
200.0
200.0
200.0
200.0
200.0
200.0
194.0
200.0
200.0
192.0
200.0
160.0
105.0
92.0
95.0
123.0
102.0
100.0
137.0
157.0
200.0
200.0
200.0
200.0
200.0
200.0
200.0
200.0
166.0
200.0
200.0
182.0
200.0
200.0
200.0
134.0
200.0
200.0
200.0
200.0
200.0
200.0
200.0
200.0
164.0
133.0
156.0
146.0
200.0
153.0
163.0
141.0
131.0
151.0
200.0
200.0
200.0
200.0
59.0
200.0
200.0
200.0
200.0
200.0
158.0
136.0
200.0
200.0
200.0
200.0
162.0
161.0
182.0
156.0
154.0
186.0
200.0
200.0
143.0
149.0
22.0
142.0
106.0
200.0
200.0
168.0
200.0
157.0
167.0
179.0
32.0
38.0
200.0
170.0
177.0
185.0
200.0
172.0
188.0
200.0
47.0
140.0
127.0
141.0
191.0
71.0
64.0
200.0
200.0
171.0
168.0
160.0
159.0
22.0
147.0
158.0
146.0
139.0
148.0
188.0
141.0
183.0
199.0
200.0
200.0
200.0
181.0
168.0
190.0
200.0
184.0
191.0
200.0
200.0
200.0
200.0
200.0
181.0
178.0
200.0
47.0
200.0
200.0
154.0
160.0
83.0
200.0
200.0
163.0
160.0
134.0
200.0
193.0
12.0
200.0
71.0
200.0
159.0
200.0
200.0
199.0
200.0
185.0
168.0
198.0
200.0
194.0
200.0
200.0
200.0
200.0
200.0
200.0
163.0
32.0
200.0
200.0
191.0
198.0
179.0
162.0
159.0
189.0
200.0
200.0
200.0
200.0
200.0
189.0
200.0
200.0
200.0
190.0
20.0
158.0
179.0
184.0
200.0
200.0
200.0
200.0
200.0
200.0
200.0
173.0
182.0
154.0
128.0
172.0
195.0
200.0
183.0
200.0
200.0
200.0
200.0
185.0
198.0
198.0
192.0
200.0
200.0
200.0
200.0
200.0
135.0
200.0
200.0
200.0
200.0
200.0
168.0
200.0
169.0
188.0
200.0
200.0
200.0
200.0
188.0
200.0
200.0
160.0
151.0
117.0
200.0
162.0
200.0
146.0
200.0
200.0
200.0
200.0
200.0
185.0
145.0
200.0
154.0
200.0
200.0
185.0
200.0
125.0
130.0
200.0
185.0
136.0
200.0
150.0
200.0
68.0
141.0
200.0
200.0
176.0
200.0
200.0
148.0
200.0
200.0
200.0
124.0
200.0
200.0
200.0
200.0
200.0
200.0
200.0
200.0
200.0
200.0
200.0
200.0
154.0
200.0
200.0
200.0
102.0
200.0
176.0
196.0
200.0
200.0
173.0
200.0
200.0
93.0
64.0
200.0
200.0
59.0
36.0
55.0
24.0
20.0
144.0
18.0
32.0
14.0
25.0
200.0
19.0
15.0
20.0
39.0
27.0
166.0
200.0
15.0
200.0
200.0
200.0
104.0
200.0
200.0
200.0
178.0
200.0
200.0
200.0
200.0
96.0
200.0
89.0
200.0
200.0
200.0
200.0
58.0
200.0
200.0
200.0
200.0
169.0
81.0
132.0
133.0
200.0
134.0
149.0
174.0
200.0
170.0
200.0
166.0
181.0
127.0
154.0
200.0
191.0
200.0
200.0
200.0
200.0
185.0
200.0
200.0
200.0
200.0
200.0
200.0
200.0
200.0
200.0
200.0
200.0
200.0
200.0
200.0
200.0
172.0
185.0
199.0
200.0
185.0
200.0
200.0
200.0
200.0
200.0
200.0
200.0
161.0
153.0
200.0
200.0
200.0
200.0
200.0
200.0
200.0
200.0
200.0
90.0
200.0
200.0
200.0
200.0
200.0
200.0
200.0
200.0
200.0
200.0
200.0
200.0
200.0
200.0
200.0
