-3932.224466665612
-3792.9669616250226
-3499.2418739320024
-4060.520956472875
-3626.8210993966577
-3102.389930841826
-2701.3167300813548
-2672.0081832196925
-2240.552564412274
-2453.7605778448924
-2120.521127443479
-2209.671504118358
-1788.7128128941072
-1648.329394484215
-1641.395746174639
-256.82582837153547
-243.71070801467565
-506.524938775349
-128.56880179403313
-373.72030649639174
-128.1379880651222
-124.55032192509148
-2681.467252933541
-904.9703156086352
-511.7947488248067
-258.58613637957103
-1167.8059355316093
-525.8007951310492
-511.05179933404185
-554.3703057812726
-368.13862000803414
-260.80791259034595
-393.2193093333
-6.812248931738488
-650.0615015414738
-519.8168500333368
-132.13542488371255
-257.0777384247121
-393.3673121625699
-135.37476133518192
-131.76366871155076
-257.13963608245587
-365.67226745043575
-246.62468000426986
-126.66495871067217
-490.11204948815373
-366.50702403243645
-1090.1342354087687
-252.29295392363636
-639.9790793310552
-404.00605302781884
-7.8160654349172995
-4.758789564942515
-129.81527171803074
-252.43840484544208
-131.57827533446775
-122.67882319742402
-249.62184867997036
-390.00549489072654
-131.4395795133731
-370.2619728966123
-128.21795385707722
-327.57090204337175
-380.9221638412028
-131.35641111748635
-4.716363640031058
-3.874109522494462
-249.89633858141656
-361.97422671607154
-379.1527944919137
-353.9077480456432
-128.01687033205593
-366.0341546956517
-247.07449999926976
-127.5446861020167
-241.7528533265408
-123.25359804085993
-4.714299059015153
-123.43461024675064
-131.28825230038782
-130.55169787891728
-5.5297535525345785
-247.34461479914484
-266.77523129673455
-258.9237516144055
-129.6550506135194
-245.25133189600257
-4.143993815099532
-495.0821210728987
-242.83059621585213
-125.92010605696193
-128.55353929676872
-252.90554935991327
-238.27831552371086
-122.40491781300435
-5.31667988721542
-249.77373983545814
-128.1540817956708
-130.22669639150638
-123.74200215325826
-249.56322290330692
-129.90576530924992
-1087.0218235676878
-123.09397635361566
-250.9817477596944
-401.69893554928467
-4.582445972685053
-243.25499555095118
-375.5723604848662
-127.71838963574396
-248.18455983956497
-715.8721096013039
-128.35089870906012
-254.82494556533302
-244.60102138762412
-128.82233679654126
-130.14908035457702
-124.86005955876924
-124.8110366531337
-131.7821008978102
-124.01184233346467
-251.28120357842045
-254.07490568884006
-128.49635215762706
-122.90132104517436
-123.36155892852821
-129.3398341941792
-267.7627937020122
-314.0057714861382
-3.437800121316065
-130.13716850072566
-129.0748728410834
-132.24497407727213
-242.28408629123726
-128.84095660525264
-242.6890128287824
-244.506804676249
-127.33643848741109
-369.2518425220631
-246.63650881676404
-246.50573501141898
-128.8250555991288
-1.915127313414859
-3.0912249000559457
-346.9008897170175
-241.25698425659647
-274.057631216329
-363.4724996081733
-124.55387513099899
-128.33536057943184
-122.23685515669723
-132.48259809664728
-373.25359421479874
-125.97218577425326
-3.6963390732981636
-253.991703611323
-123.6105951002226
-126.13888802844258
-127.24584843940889
-128.26135051576804
-2.646829582273877
-253.85179746923865
-236.94666693831462
-257.08713606795027
-132.2410266587715
-254.7081867599289
-380.09639011179456
-128.88043178578232
-122.32994355416577
-128.41956926158178
-239.82091032957038
-127.16164241193633
-121.00742813823739
-123.11832876765156
-3.858991594758945
-123.78242767036386
-265.9745577649812
-250.67860934999695
-118.48393066574218
-244.77663828578264
-128.75961719119078
-128.97830608670162
-131.62873437653866
-122.39122347388195
-120.0988306056528
-255.0409200170492
-126.13094578833352
-131.29564418486905
-4.120131705677688
-395.5972208185921
-120.38273019731155
-383.8353172787184
-3.9948308594839226
-129.512488422737
-305.92467975067177
-4.150677342142973
-919.1901657653447
-256.3269438095555
-131.11370767637874
-3.6611190289345275
