-3932.224466665612
-3923.8690163631763
-3898.3913878173057
-3908.1191619366396
-3891.2412781842404
-3843.9101973436955
-3775.354589307955
-3709.153804942659
-3621.037730510836
-3551.0011013508793
-3465.172302916435
-3389.84225498855
-3293.774488462883
-3195.0477828241624
-3101.828660625191
-2931.1284906899714
-2769.8834237294536
-2634.0819146322074
-2483.7511278619168
-2357.149278579985
-2223.408601149093
-2097.477104395653
-2132.5165133079263
-2058.8637414459686
-1966.0396018886986
-1863.5923939581508
-1821.8452064525582
-1744.0825417732674
-1670.1006972269138
-1603.1568737401751
-1529.0557785162466
-1452.9609065606924
-1389.3764107270488
-1306.42256101933
-1267.0408974506586
-1222.2074546056192
-1156.8031328223046
-1102.819609158449
-1060.2524713386963
-1004.7598087384854
-952.3800403368692
-910.6656160816044
-877.9660151637343
-840.0855350541663
-797.2803004735565
-778.8502054144324
-754.1096145315125
-774.2710917841479
-742.9524035125172
-736.7740040616295
-716.8079269996009
-674.2684153057198
-634.0978377612731
-603.8408837986785
-582.7567350614844
-555.6860274778633
-529.7055952210369
-512.9005704285729
-505.5268658963021
-483.0816287133263
-476.31244936432347
-455.42677963388866
-447.75542697845765
-443.74543119022235
-425.00208998585816
-399.78494640510854
-376.0302961921517
-368.46225873550753
-368.07297681434136
-368.73776587499566
-367.8479648052345
-353.4580991368437
-354.21266247037215
-347.784372722106
-334.5699915249006
-329.000963232999
-316.65612132147066
-297.93961198572333
-287.46931188138495
-278.0984483065251
-269.2456432808686
-253.42268989716854
-253.0580053912871
-253.88103894561397
-254.18360170574144
-246.71188864020812
-246.62425523555578
-232.07543955032838
-247.85584044168257
-247.55432578813273
-240.25627260426245
-233.55410860581281
-234.71519505105883
-234.92898227941794
-228.17753841143312
-214.80588689998004
-216.90395807610872
-211.57896549928245
-206.69782935281586
-201.72047972084238
-204.59104431179023
-200.1099275716378
-253.32464133140078
-245.51080143273367
-245.83905821235132
-255.19065085256733
-240.15415855977437
-240.34020877924496
-248.4541378815822
-241.20999298683188
-241.62846699799587
-270.0830855541943
-261.57915434348627
-261.17390181679707
-260.1795289910467
-252.29809745937638
-244.96915643308841
-237.76261062062926
-230.98551618257952
-225.03331126549332
-218.9720231295716
-220.9105739565025
-222.90043386044275
-217.23618895827377
-211.5760968834878
-206.2832246061902
-201.66662118146954
-205.63239153270206
-212.1347943299082
-199.61297467739266
-195.44442630679265
-191.46225309885008
-187.9092163575554
-191.1717085535763
-187.43186343667688
-190.7472924002032
-193.97286313676594
-189.97467765780462
-200.73130754966013
-203.48561962568635
-206.0668265488303
-201.4323202918482
-189.46128871314218
-178.279084884357
-188.39639317431661
-191.56802863925338
-196.51740479387792
-206.53471048273565
-201.61586036163143
-197.21903037469946
-192.7200998616193
-189.10584975572095
-200.1547144232656
-195.70376270432484
-184.18331728646325
-188.3718204659548
-184.48614694401087
-180.98531140907676
-177.76094363089666
-174.79096804398893
-164.46231973628602
-169.82568840026318
-173.85294711254625
-178.84699844987048
-176.05064014240452
-180.77009293945596
-192.72967076979626
-188.89871643075543
-184.90459005816004
-181.51548881036535
-185.01381410151765
-181.54268380014275
-177.91056846042844
-174.62303407886182
-164.37719152981563
-161.9415056982485
-168.18348882225246
-173.13319605391712
-169.8542401306266
-174.34958401993595
-171.61418601021123
-169.05603321480066
-166.81039528450492
-164.14524497586754
-161.50246011365465
-167.1147677078583
-164.6557383926868
-162.6541327402177
-153.14209267814527
-167.68940036657207
-164.85100015641643
-177.99005918375454
-167.5503454842983
-165.2680740606046
-173.7074704020086
-163.53406281841666
-208.87342899523233
-211.72063988409172
-206.8842239516289
-194.69083765626723
