-500.0
-500.0
-494.72
-479.0768
-466.59219199999995
-453.2966604799999
-446.4388608511999
-439.9925292001278
-435.7329774481201
-439.5889988012329
-443.2136588731589
-446.62083934076935
-449.82358898032317
-447.31417364150377
-450.4753232230135
-453.44680382963264
-451.4999955998546
-451.28999586386334
-454.2125961120315
-448.7398403453096
-432.67544992459096
-436.71492292911546
-426.23202755336854
-423.5781059001664
-414.6034195461564
-413.907214373387
-403.47278151098374
-396.9044146203247
-390.1301497431052
-378.5423407585189
-374.72980031300773
-374.92601229422723
-368.21045155657356
-367.17782446317915
-365.1871549953884
-366.2559256956651
-361.80057015392515
-358.09253594468964
-353.88698378800825
-351.8537647607277
-348.862538875084
-350.1907865425789
-354.19933935002416
-362.9473789890227
-360.4305362496813
-351.28470407470047
-347.7276218302184
-344.4439645204053
-353.77732664918096
-346.4706870502301
-346.62244582721627
-341.0650990775833
-334.58119313292826
-322.42632154495254
-314.0607422522554
-313.6970977171201
-308.0152718540928
-308.5543555428472
-303.12109421027634
-302.63382855765974
-303.3757988442001
-314.7532509135481
-315.00805585873513
-313.207572507211
-312.17511815677835
-309.2246110673716
-307.7111344033293
-306.3484663391296
-302.8475583587818
-308.67670485725483
-308.51610256581955
-312.92513641187037
-307.94962822715814
-308.19265053352865
-300.86109150151697
-293.06942601142595
-297.44526045074036
-292.9185448236959
-287.46343213427417
-285.2156262062177
-276.2626886338446
-284.4669273158139
-279.33891167686505
-286.27857697625313
-282.4818623576779
-286.95295061621727
-285.5757735792442
-288.54122716448956
-301.2287535346202
-301.39502832254294
-296.8713266231903
-296.3390470257989
-308.55870420425094
-301.74518195199585
-295.7004710348761
-303.69844277278355
-302.21653620641655
-299.8035440340316
-304.3753313919897
-306.69281150847024
-299.871242817962
-299.5789682488843
-302.5442301539512
-300.7115763447141
-297.60888176403125
-294.63234885818935
-298.134407926698
-302.8663434510961
-305.2743628440303
-299.6779010733885
-297.2372270089852
-297.7629933884461
-309.8972137851393
-318.1233809580309
-329.035978100549
-333.05381941451606
-328.0705902496451
-329.14635483466634
-339.39757354458635
-338.41371913191114
-338.8088959839964
-330.7203622249566
-335.9571404914592
-332.8397120619716
-327.14932933825327
-333.26036957795804
-331.92474740328055
-324.8492625590837
-321.85830680553863
-313.4668083972063
-322.6787998933739
-316.93807189977144
-312.1417875857851
-307.033280330638
-309.6712835107997
-302.0710065001517
-296.66674611014264
-286.54674134353405
-281.593936862922
-281.6183006511467
-280.9212026120779
-280.26593045535316
-273.049974628032
-272.86697615035
-275.274957581329
-276.6984601264492
-276.8965525188623
-270.84275936773054
-281.05219380566666
-280.38906217732665
-281.745718446687
-278.5809753398858
-287.18611681949267
-296.17494981032314
-301.08445282170374
-295.3193856524015
-285.7602225132574
-275.6346091624619
-269.11653261271414
-273.60954065595126
-273.5129682165942
-269.2221901235985
-266.2688587161826
-265.7127271932116
-262.0099635616189
-255.5293657479218
-251.65760380304647
-251.31814757486367
-252.37905872037186
-250.79631519714954
-265.74853628532054
-273.02362410820126
-282.5622066617092
-280.1284742620066
-292.3607658062862
-284.119119857909
-281.59197266643446
-286.5364543064484
-280.5642670480614
-274.83041102517774
-264.16058636366705
-266.250951181847
-261.01589411093613
-254.95494046427996
-250.93764403642314
-247.34138539423773
-246.54090227058344
-247.46844813434842
-242.9403412462875
-237.60392077151025
-239.06768552521962
-240.02362439370643
-233.36220693008403
-243.48047451427897
-244.5316460434222
-259.85974728081686
-269.40816244396785
-278.14367269732975
-284.6750523354899
-295.9745491953605
-297.65607624363884
-290.3567116690205
-286.25530896887926
-275.5599904307465
-267.4263910049017
-260.3808075446076
-257.11795909193114
-249.97088154641526
-245.05262865363034
-242.5894709344125
-238.95410267834774
-248.55685651764685
-241.38344512658804
-235.54043841899272
-237.60801211385314
-233.37153138702195
-227.16923950380064
-221.2790851335726
-215.74234002555824
-209.75779962402473
-207.37233164658323
-208.60999174778823
-203.71339224292092
-198.69058870834564
-197.8691533858449
-199.0170041826942
-198.29598393173254
-201.63822489582859
-200.57993140207884
-196.0451355179541
-196.34242738687684
-193.5018817436642
-191.43176883904434
-187.44586270870167
-186.69911094617956
-184.73716428940878
-181.21293443204425
-177.4201583661216
-178.59494886415428
-185.099251932305
-179.2732968163667
-177.1568990073847
-178.4074850669416
-176.1630359629251
-173.7532538051496
-175.56805857684063
-173.67397506223017
-174.89353655849635
-173.03992436498658
-174.71752890308738
-174.49447716890214
-185.74480853876798
-192.30012002644187
-193.12211282485538
-187.17478605536402
-185.66429889204218
-184.18444095851964
-180.93337450100847
-177.93737203094793
-177.58112970909104
-174.18626192654557
-171.29508621095283
-168.87738103829565
-167.3247381759979
-164.90525388543804
-167.19093865231176
-167.29948233317302
-172.14151339318263
-170.15302258959167
-170.26384123421616
-171.98801076016318
-171.14873011455336
-170.05980630768016
-168.37621792921937
-173.6336448534662
-172.87562616225821
-192.50308859252272
-199.19290327697135
-196.72132908035306
-193.73804933553185
-192.67376637539994
-194.49334039287592
-203.10373996930335
-202.37751557114515
-200.37486463687642
-199.81237275866383
-198.383630393144
-196.38061256955535
-201.81777581538202
-203.9287092664591
-221.69298671047153
-220.45140750784324
-221.26432305737262
-237.98846367393026
-237.02915585349442
-239.96740650228475
-241.58936211214765
-243.41400038541877
-244.82916036229363
-240.639410740556
-256.20104609612264
-270.8289833303553
-277.37924433053394
-290.73648967070187
-283.07230029045974
-272.74796227303216
-264.90308453665017
-262.1488994644511
-254.21996549658405
-251.086767566789
-266.02156151278166
-259.24026782201474
-255.32585175269384
-251.16630064753218
-252.95632260868024
-249.77894325215942
-246.31220665702986
-240.35347425760804
-235.71226580215153
-230.2695298540224
-231.27335806278106
-233.9569565790142
-229.81953918427334
-245.07036683321692
-241.46614482322389
-238.37817613383044
-249.21548556580058
-241.7025564318525
-235.24040304594135
-232.52597886318486
-229.25442013139377
-224.43915492351013
-222.6128056280995
-218.0160372904135
-230.85507505298867
-226.24377054980934
-221.06914431682077
-220.9449956578115
-218.4882959183428
-213.83899816324222
-207.9686582734477
-210.9105387770408
-218.89590645041835
-216.74215206339323
-215.85762293958965
-217.06616556321424
-219.16219562942138
-214.23246389165607
-231.3785160581567
-224.33580509466728
-220.17565678898725
-236.965117381648
-252.7472103387491
-250.30237771842414
-244.70423505531866
-245.26198095199953
-237.50626209487956
-236.2758863691868
-234.93933318703557
-238.36297319581342
-234.5011948040646
-230.63112311582069
-226.39325572887142
-232.84966038513912
-230.15868076203077
-231.58915991630892
-226.2738103213304
-220.91738170205056
-216.24233879992752
-212.02779847193185
-204.28613056361593
-202.58896272979896
-204.95362496601103
-200.93640746805036
-194.16022301996733
-191.6906096387693
-190.44917306044312
-189.88222267681653
-191.20928931620753
-195.81673195723505
-195.64772803980094
-194.52886435741289
-189.7571324959681
-186.77170454621
-186.0054022734374
-186.60507813703114
-185.84877344880925
-183.8178470418807
-183.70877621936782
-183.78624964620573
-183.67907466743335
-180.15833018738735
-179.54883037614408
-174.77590055357544
-178.02934652036092
-175.92758572913925
-175.57193058539087
-171.99761475026742
-173.91775786525136
-171.04269239333627
-168.28013084973608
-169.46332299875192
-173.33552361882678
-174.39539220169718
-173.77166866959533
-174.6853685494196
-179.0842464364544
-186.21919165026713
-184.4060401512511
-186.84167774217602
-186.97117707764545
-201.49290645298672
-203.6833320658075
-207.24233214185904
-203.80779221334748
-207.41932468054662
-215.7941651997138
-216.64651528773098
-214.3877243704671
-223.12446090823906
-219.63699325374472
-215.33877365852
-211.1184472390088
-213.93134040466825
-216.27545998038815
-217.87893238156485
-222.08619643867095
-217.82102465235067
-218.55176317320962
-216.29865738281705
-210.94073793984802
-207.10429366345713
-205.17803604364968
-199.8273538810307
-196.11771264816883
-193.83064988927867
-192.34081089592192
-187.40036224216658
-183.47634050763656
-180.08776007717836
-178.28249447254765
-174.4855448041948
-170.1964121159431
-169.8846273889865
-166.3515497456473
-166.03045676090846
-168.54862935525395
-165.0957115939387
-161.00996889830236
-159.6293707644042
-157.31160851853994
-158.97291200742754
-165.4545372869819
-181.98726504976298
-186.0080291467772
-189.90754739797057
-188.95309455409233
-184.87590888084677
-182.84335434799596
-201.8727530871162
-219.7603879018892
-221.45476462777583
-219.68747875010928
-224.9862300251027
-226.96705622359653
-223.90903285018072
-223.19449087916988
-219.34282142641968
-216.5622521408345
-218.6885170123844
-223.32720599164134
-225.64757363214284
-222.48871921421426
-228.9393960613614
-230.9230322976797
-241.36765035981892
-239.24559133822976
-237.61085585793595
-244.83420450645977
-239.32415223607217
-236.30470310190782
-233.04642091579333
-227.82363566084572
-224.47421752119496
-223.36576446992325
-225.38381860172782
-219.54078948562415
-223.52834211648667
-221.09664158949744
-218.99084309412757
-213.8313925084799
-217.6815089579711
-212.9606184204928
-210.20298131526323
-220.21080243634742
-222.77815429016655
-225.73146503275655
-224.78757713079114
-221.02032250294366
-217.59910315276704
-211.323156963601
-207.3437675457849
-202.9431414930378
-207.98655300345553
-210.20735982324817
-209.65491823385327
-207.99562313982204
-204.5758857514327
-201.30133260634673
-198.64325264996592
-200.94465749096796
-202.98797804150985
-202.14869935901925
-197.3397773974781
-199.1193907536294
-194.49222730841163
-194.22269366990693
-189.0493320497125
-192.70637212672972
-189.78398979912595
-198.9769504111784
-192.19833338650767
-198.6664333833172
-198.44644738031815
-204.29966053749905
-198.28168090524912
-196.64478005093414
-192.04609324787808
-209.14332765300537
-226.59472799382505
-222.11904431419555
-225.6519016553438
-223.27278755602316
-230.87642030266176
-224.76383508450203
-222.3780049794319
-222.41532468066598
-223.47040519982602
-221.28218088783643
-225.64525003456623
-219.48653503249224
-214.89734293054272
-213.28350235471015
-210.32649221342754
-207.0069026806219
-201.96648851978458
-197.5284992085975
-192.81678925608165
-191.14778190071675
-186.93891498667372
-182.86258008747328
-181.1308252822249
-181.6029757652914
-182.1667972193739
-179.69678938621146
-180.25498202303876
-176.75968310165644
-175.69410211555703
-174.57245598862357
-177.95810862930614
-179.70062211154774
-180.19858478485486
-178.50666969776356
-179.61626951589773
-187.79929334494386
-206.53133574424723
-210.27945559959238
-207.68268826361682
-221.02172696779982
-218.0204233497318
-213.39919794874788
-228.73524607182298
-227.79113130751358
-242.26366342906277
-257.727843623319
-267.10417300591985
-270.03792262556465
-267.15564726803075
-259.4063084319489
-267.841929926032
-267.31141413047004
-265.13272928264183
-268.1247655256833
-282.0372795941423
-295.11504281849375
-284.7281402493841
-288.10445183442107
-283.4181847243558
-296.41309364089443
-293.20830802244075
-305.6158095410943
-307.0188609686286
-303.71772931051083
-296.4746655518802
-289.9061856187674
-284.3318144816413
-275.79190561274277
-270.82439127597814
-266.33492779941946
-259.8348321314543
-263.084742203567
-277.299657671353
-266.18167821107176
-260.2907775184074
-260.63333086730296
-257.5353310152648
-249.1632111543489
-240.93341848508794
-232.59741337598265
-227.70156857342369
-220.33947445901828
-215.81910599147716
-209.4099596319885
-209.80536205406918
-206.51704033082504
-213.98601791097553
-222.806856836317
-216.57844542613796
-213.00373870056967
-210.78351437853547
-211.09650351582334
-205.45071330487394
-205.6036705065815
-223.2674502761866
-239.63140325961538
-230.59351906403845
-231.3979079201961
-226.51403344498434
-220.84319143828526
-213.89259995198813
-211.31904395486882
-213.8199013175767
-211.67070723852208
-208.45046480421072
-204.16343691595807
-212.4336307010006
-213.78761285894055
-207.8003560874041
-201.75233472215984
-197.20719463883026
-197.0747629605004
-198.87027718287038
-192.81806055189816
-189.10897691878426
-187.6624383036572
-187.68269200543776
-186.80173048511148
-186.45362665600476
-182.70640905664445
-184.58402451324577
-182.388983042451
-179.48564405990393
-176.7565054163097
-176.0511150913311
-171.1280481858512
-170.70036529470013
-171.19834337701812
-167.58644277439703
-164.55125620793322
-161.8181808354572
-169.44908998532978
-166.90214458621
-164.0280159110374
-161.56633495637513
-161.41235485899261
-165.22761356745306
-162.27395675340588
-166.33751934820154
-167.51726818730944
-162.56623209607085
-161.2722581703066
-159.0959226800882
-159.0301673192829
-162.0283572801259
-176.18665584331833
-179.65545649271922
-185.19612910315607
-186.0243613569667
-186.02289967554867
-186.32152569501574
-189.7222341533148
-188.53890010411587
-191.8065660978689
-189.23817213199678
-189.64388180407695
-190.8652488958323
-190.45333396208235
-191.2061339243574
-188.01376588889596
-193.3529399355622
-191.77176353942846
-195.08545772706273
-193.28033026343897
-189.8435104476326
-193.99289982077462
-195.85332583152814
-192.98212628163643
-193.10319870473822
-188.4770067824539
-187.54838637550665
-187.33548319297623
-188.99535420139765
-189.05563294931378
-187.37229497235492
-190.5299572740136
-193.91815983757277
-191.6430702473184
-185.42448603247928
-191.45901687053052
-203.97147585829867
-198.93318730680073
-204.21719606839267
-221.96416430428908
-217.34631444603173
-213.8455355792698
-215.4748034445136
-210.3463152378428
-226.7055363235722
-234.64320414415786
-250.5646118955084
-265.5307351817779
-270.4788910708712
-264.93015760661893
-264.5743481502218
-260.09988726120844
-266.0338940255359
-270.3518603840037
-268.2307487609635
-273.8569038353056
-279.92548960518724
-268.64996022887595
-282.5309626151434
-276.07910485823476
-273.6143585667407
-272.9174970527363
-286.5424472295721
-280.02990039579777
-274.86810637204985
-268.2160199897268
-280.6830587903432
-281.0620752629226
-274.3983507471472
-268.19444970231837
-271.18278272017926
-269.8518157569685
-263.0807068115504
-269.9158644028573
-260.86091253868585
-250.72925778636468
-244.9255023191828
-235.62997218003184
-240.5721738492299
-236.87784341827611
-238.20517281317953
-234.47286244438874
-241.64449069772542
-245.20582125586188
-260.49347198051015
-268.68386366167954
-266.2428318419787
-267.72826193146
-279.9845662155724
-293.185492242638
-304.0943627080797
-295.68870094559486
-291.74737888885915
-304.2425361555276
-315.98798398619596
-320.3087049470242
-326.0501826502027
-329.7671716911905
-330.44114138971906
-317.0346729063359
-307.4325925319558
-297.74663698003843
-290.0218387612361
-278.44052843556193
-270.8540967294282
-262.4628509256625
-260.57507987012275
-254.8405750779154
-253.65014057324044
-261.891132138846
-254.03766421051523
-268.7954043578843
-262.38768009641126
-258.34441929062655
-263.84375413318895
-256.1731288851976
-248.18274115208575
-241.87177668296061
-239.95947008198297
-238.58190187706398
-238.36698776444013
-233.42496849857372
-231.77947038865926
-228.07270216533968
-221.4083400354193
-214.90383963329413
-212.44960925529645
-206.84263269997865
-201.93207473797992
-198.93615025370113
-194.91998123847904
-190.4847823641703
-191.89569542232007
-187.76195369698087
-185.676236475162
-192.41566228665226
-194.9107225494531
-195.6960791964859
-196.31431444469672
-200.9754555780149
-218.91692824333398
-235.78191254873394
-251.63499779580988
-266.5368979280613
-280.54468405237765
-293.712003009235
-306.0892828286809
-315.56392585896
-313.8500903074223
-322.739084888977
-331.09473979563836
-321.0690554079
-312.84491208342604
-304.33421735842046
-296.27416431691523
-289.8977144579003
-288.76385159042627
-280.7380204950007
-270.9737392653006
-260.6553149093826
-256.8959960148196
-256.7222362539304
-250.19890207869457
-248.4469679539729
-245.4801498767345
-238.0713408841304
-237.10706043108254
-231.1006368052176
-227.07459859690454
-222.93012268109024
-219.45431532022482
-219.0670564010113
-219.36303301695062
-235.6612510359336
-230.58157597377757
-222.98668141535092
-220.64748053042985
-219.16863169860403
-215.9785137966878
-218.79980296888652
-220.31181479075332
-224.3731059033081
-219.25071954910962
-216.77567637616303
-219.12913579359326
-231.54138764597766
-229.708904387219
-229.60637012398587
-222.3699879165467
-217.72778864155387
-221.16412132306064
-217.25427404367701
-213.81901760105637
-215.74987654499296
-210.5448839522934
-225.45219091515577
-241.92505946024642
-257.4095558926316
-250.2449825390737
-249.03028358672927
-240.56846657152548
-235.91435857723394
-233.99949706259991
-230.2195272388439
-225.76635560451325
-221.04037426824243
-230.87795181214787
-228.00527470341896
-224.04495822121382
-233.82226072794097
-225.5529250842645
-227.5597495792086
-224.16616460445607
-218.57619472818868
-220.58162304449735
-218.0267256618275
-214.78512212211783
-213.65801479479074
-214.21853390710328
-218.10542187267708
-234.77909656031645
-229.81235076669745
-228.8036097206956
-220.59539313745384
-218.57966954920659
-228.2648893762542
-233.0489960136789
-229.56605625285815
-225.09209287768667
-223.88656730502547
-225.87337326672392
-242.32097087072046
-257.78171261847723
-270.8148098613686
-284.56592126968644
-277.3919659935052
-290.7484480338949
-287.1035411518612
-279.0573286827495
-288.35388896178455
-296.6126556240775
-305.69589628663283
-308.59414250943485
-312.09849395886874
-306.3325843213366
-296.05262926205637
-288.60947150633297
-279.452903215953
-274.38572902299575
-268.00258528161595
-259.48243016471895
-264.5534843548358
-256.06027529354566
-247.71665877593293
-244.31365924937694
-241.23483969441432
-240.26074931274945
-237.3651043539845
-231.2831980927454
-229.94620620718067
-225.2694338347498
-227.2332678046648
-232.43927173638488
-248.49291543220178
-263.5833405062697
-277.7683400758935
-272.32223967133984
-277.2829052910594
-290.64593097359585
-303.20717511518006
-298.33474460826926
-294.1746599317731
-306.5241803358667
-318.13272951571463
-306.3647657447717
-294.3428798000854
-290.5423070120803
-301.36976859135547
-295.8275824758741
-302.01792752732166
-290.8568518756823
-294.04544076314136
-287.92271431735287
-277.54735145831165
-283.03451037081294
-282.67243974856416
-286.8320933636503
-297.5821677618313
-309.7272376961214
-312.2636034343541
-312.24778722829285
-319.73291999459525
-325.9289447949195
-316.3332081072243
-309.3532156207908
-300.27202268354336
-290.7757013225307
-298.58915924317887
-307.1938096885881
-300.2221811072728
-299.7888502408364
-288.2215192263862
-280.76822807280297
-276.4021343884348
-268.8180063251287
-265.5289259456209
-262.07719038888365
-257.1525589655506
-249.40340542761757
-242.41920110196048
-235.91404903584282
-233.03920609369223
-228.47685372807067
-219.92824250438642
-212.85254795412322
-207.2813950768758
-202.94451137226324
-197.00784068992743
-197.66737024853177
-210.82732803361986
-207.83768835160265
-207.96742705050647
-213.48938142747608
-209.20001854182752
-203.96801742931785
-206.24993638355878
-204.43494020054524
-204.2888437885125
-204.39151316120177
-199.98802237152967
-196.56874102923788
-194.1946165674836
-191.54293957343458
-190.9103631990285
-193.43574140708677
-191.06959692266156
-188.12542110730186
-185.59789584086374
-190.60202209041194
-187.2059007649872
-184.553546719088
-185.66033391594272
-181.48071388098614
-183.25187104812696
-184.07675878523932
-185.93215325812497
-180.77622406263745
-181.1496506188792
-181.02067158174646
-190.85943128684164
-194.04786540963113
-200.76499348505325
-200.29909387595006
-201.60114824339306
-203.30507934878946
-204.42677458786207
-204.76116811259033
-204.4754980258349
-201.2669681442848
-199.0909500556277
-195.12549305229
-190.7379634691526
-190.75368566100343
-194.1284645213432
-192.2607566500626
-192.72511125105885
-192.50160457599532
-192.3515083014356
-194.43041780334946
-193.4445927351485
-190.65791717103957
-200.3384421407772
-195.75813561233056
-190.13264747559072
-185.86468862705524
-190.25280730943192
-186.93763887086598
-198.401380538614
-194.47729770629715
-191.80865984391932
-189.48014025328416
-189.03133183808708
-189.32945192780184
-189.24968481213372
-183.53470372340567
-183.92262150000133
-183.92726421000123
-186.39162835740115
-182.94813065595707
-184.15124281659965
-182.58216824760365
-194.4872381527474
-206.39800386358257
-203.3741236317676
-203.29167621386154
-199.85417564102983
-199.02292510256802
-198.48154959641394
-212.7926566206291
-210.82509722339134
-205.43559138998785
-205.3494559065886
-205.38848855219328
-204.34517923906168
-201.50446848471796
-200.75420037563487
-199.80894835309675
-198.92041145191092
-196.76518676479625
-195.21927555890846
-193.22611902537395
-208.3925518838515
-204.58899877082038
-201.19365884457113
-196.68203931389687
-194.42111695506304
-201.11584993775926
-198.7088989414937
-194.52636500500407
-191.43478310470383
-209.9486961184216
-205.9317743513163
-211.8158678902373
-218.12691581682307
-235.03930086781367
-237.0169428157448
-244.75592624680013
-242.4905706719921
-236.82113643167256
-246.3118682457722
-261.5331561510259
-256.94116678196434
-255.86469677504647
-254.55281496854366
-260.03964607043105
-253.25726730620516
-254.02183126783285
-268.7805213917629
-262.73369010825706
-260.64966870176164
-252.63068857965592
-252.11284726487654
-266.2660764289839
-260.5501118432449
-267.2371051326502
-267.4628788246912
-269.7751060952097
-261.6885997294971
-255.5872837457273
-252.07204672098362
-244.1477239177246
-248.0988604826611
-251.81292885370144
-246.78415312247935
-250.27710393513058
-244.98047769902274
-243.84164903708137
-254.23115009485647
-248.75728108916508
-242.95184422381516
-246.85473357038623
-249.20344955616304
-241.75124258279325
-237.14616802782564
-252.9173979461561
-245.36235406938673
-241.0206128252235
-233.6393760557101
-236.1210134923675
-230.95375268282544
-227.11652752185591
-222.36953587054455
-239.02736371831188
-237.04572189521315
-252.82297858150034
-252.89359986661032
-263.7599838746137
-260.4743848421368
-259.4859217516086
-270.2567664465121
-262.38136045972135
-259.538478832138
-262.50617010220975
-276.7557998960772
-288.2904519023125
-280.8330247881737
-283.00304330088323
-294.7028607028302
-282.1806890606604
-275.62984771702077
-267.4920568539995
-265.9025334427595
-259.6683814361939
-252.60827855002225
-245.2517818370209
-242.41667492679963
-235.25167443119165
-227.31657396532015
-231.91757952740093
-231.20252475575685
-234.01037327041143
-249.96975087418673
-250.4515658217355
-251.26447187243136
-241.82860356008544
-239.3788873464803
-255.01615410569147
-258.97518485934995
-254.89667376778894
-253.70287334172158
-268.4807009412183
-259.51185888474515
-259.1211473516604
-269.49387851056076
-261.60424579992707
-269.3679910519314
-274.2659115888155
-266.80995689348657
-272.58135947987734
-267.3864779110847
-276.3032892364196
-272.50509188223435
-276.43478636930024
-270.5286991871422
-264.07697723591366
-278.23235860175885
-274.6784170856533
-266.11771206051407
-260.8306493368832
-259.8208103766702
-251.25156175406997
-248.41646804882578
-247.25147996589624
-262.41639116794244
-256.4514076978659
-250.0643232359939
-248.80046384183427
-243.4724360113242
-255.92408985064472
-250.048644459606
-249.98572579202963
-254.00658224450785
-259.82618730983734
-254.37661607124707
-255.73401910697223
-248.4899779605539
-241.32057928292065
-235.6013445259454
-233.76526385438868
-229.63934802312536
-226.66098714173785
-223.32132791323355
-216.5220482384395
-212.65072534413312
-211.65168182348512
-208.792580914076
-206.04502605923145
-207.54232449567758
-202.2897850259369
-196.69239792438069
-196.71085404891784
-193.30820280598277
-193.6497106376238
-191.69072799936635
-186.96928431940435
-183.13112726024008
-181.44325962462568
-176.85666404714814
-173.02526420431926
-174.0437483520601
-176.26112345093648
-177.7454560438803
-179.4407286812475
-189.43428496037262
-188.80822786275027
-195.17973419098524
-192.04895013952614
-187.84601313115456
-206.57525234328529
-224.18073720268816
-230.76989297052685
-240.38369939229523
-241.3206774287575
-256.841436783032
-252.35095057605005
-266.90989354148707
-269.1952999289978
-265.04358193325794
-279.1409670172625
-270.67250899622667
-261.99215845645307
-272.7326289490659
-262.3686712121219
-259.40655093939455
-250.80215788303087
-250.09402841004902
-249.60838670544607
-242.4318835031193
-237.54597049293213
-239.5532122633562
-241.5000195275548
-257.0100183559015
-249.08941725454739
-242.36405221927453
-257.82220908611805
-252.37287654095095
-263.9305039484939
-264.1146737115842
-269.6277932888891
-283.45012569155574
-296.4431181500624
-294.4365310610586
-291.59033919739505
-283.45491884555133
-296.44762371481823
-286.3407662919291
-276.66032031441335
-269.54070109554857
-276.94825902981563
-273.29136348802666
-269.1938816787451
-264.6222487780204
-256.4249138513391
-256.63941902025874
-254.7410538790432
-251.33659064630058
-244.77639520752254
-254.8098114950712
-250.5612228053669
-253.7075494370449
-256.9650964708222
-248.62719068257283
-240.54955924161845
-241.29658568712134
-234.67879054589406
-231.3980631131404
-231.13417932635198
-226.38612856677085
-220.06296085276458
-220.35918320159868
-214.75763220950276
-222.3321742769326
-218.4122438203166
-210.2875091910976
-208.35025863963173
-202.92924312125382
-199.0934885339786
-194.40787922193985
-190.54340646862346
-184.87080208050602
-181.27855395567565
-180.8418407183351
-178.69133027523498
-177.74985045872086
-177.5848594311976
-179.28976786532576
-177.59238179340622
-172.57683888580183
-172.3622285526537
-168.44049483949445
-164.33406514912477
-164.01402124017727
-163.6531799657666
-170.45398916782062
-172.52674981775138
-192.17514482868629
-210.6446361389651
-228.00595797062718
-244.32560049238953
-250.72606446284615
-265.68250059507534
-279.7415505593708
-292.9570575258085
-299.85963407426
-311.8680560298044
-321.7759726680161
-313.9894143079351
-325.15004944945895
-319.0210464824914
-317.93978369354187
-322.26339667192934
-312.2875928716136
-301.4103372993168
-298.56571706135776
-299.55177403767624
-288.47866759541563
-292.2899475396907
-284.41255068730925
-297.34779764607066
-293.30692978730644
-305.708514000068
-317.36600316006394
-328.3240429704601
-314.9246003922325
-304.4891243686985
-300.25977690657663
-298.144190292182
-286.73553887465107
-282.011406542172
-295.09072214964164
-307.38527882066313
-299.7421620914233
-287.93763236593793
-276.4213744239816
-289.8360919585427
-286.60592644103014
-283.2695708545683
-278.9333966032942
-273.11739280709656
-273.4103492386708
-272.66572828435056
-286.3057845872895
-288.4474375120521
-289.50059126132896
-283.9505557856492
-296.91352243851026
-301.8387110921996
-292.0683884266676
-281.6842851210675
-275.2832280138034
-264.4062343329752
-256.8818602729967
-250.8289486566169
-265.77921173721984
-261.53245903298665
-257.30051149100746
-253.682480801547
-268.46153195345414
-282.3538400362469
-276.4526096340721
-288.1254530560277
-282.717925872666
-283.99485032030606
-296.9551593010877
-290.9578497430224
-290.06037875844106
-285.9767560329346
-277.3381506709585
-271.797861630701
-263.28998993285893
-259.0125905368874
-254.45183510467413
-258.26472499839366
-272.16884149849
-267.8387110085806
-262.98838834806577
-255.3690850471818
-250.18693994435088
-254.6157235476898
-245.9987801348284
-242.99885332673867
-258.41892212713435
-272.9137867995063
-273.8189595915359
-287.2698220160437
-282.03363269508105
-277.8916147333762
-286.35811784937357
-288.31663077841114
-301.01763293170643
-312.956574955804
-324.17918045845573
-334.72842963094837
-344.6447238530915
-351.446040421906
-360.35927799659163
-368.7377213167961
-366.35345803778836
-374.372250555521
-376.5699155221898
-361.7157205908584
-355.97277735540683
-354.2344107140824
-362.9803460712374
-353.8015253069632
-340.9134337885454
-330.89862776123266
-321.06471009555867
-322.6808274898251
-321.19997784043557
-321.7879791700094
-310.8807004198088
-300.62785839462026
-301.430186890943
-294.0243756774864
-290.9029131368372
-286.88873834862693
-283.8354140477093
-275.14528920484673
-268.6565718525559
-282.5371775414025
-275.00494688891837
-267.26465007558323
-260.7687710710482
-255.3826448067853
-253.13968611837817
-245.21130495127545
-240.7586266541989
-235.97310905494695
-234.0547225116501
-226.9114391609511
-221.696752811294
-215.71494764261635
-208.11205078405936
-203.9653277370158
-197.78740807279485
-191.32016358842716
-188.78095377312152
-189.21409654673423
-195.92125075393017
-193.64597570869432
-194.92721716617265
-193.0715841362023
-191.80728908803013
-194.75885174274833
-199.1533206381834
-195.7241213998924
-194.30067411589883
-201.24263366894488
-204.88807564880818
-199.79479110987967
-217.80710364328687
-222.91867742468966
-221.1235567792083
-233.77614337245578
-240.14957477010842
-241.8206002839019
-257.31136426686777
-268.0926824108557
-263.64712146620434
-275.90829417823204
-267.03379652753813
-278.8517687358858
-274.96066261173263
-264.7630228550287
-266.2772414837269
-269.02060699470326
-277.41937057502105
-274.69420834051976
-278.2525558400886
-291.5574024896832
-284.2039583403022
-278.2517208398841
-270.31661758949105
-261.6576205341216
-257.11816330207427
-271.69107350394984
-264.98960909371283
-256.71023254809006
-248.32761859520465
-247.28796147949237
-262.4506837907228
-276.7036427632794
-274.3814241974826
-287.9185387456336
-285.8834264208956
-280.3104208356418
-278.49179558550327
-277.98228785037304
-268.1433505793506
-265.9747495445896
-259.2562645719142
-254.5608886975993
-259.0872353757433
-254.10200125319872
-254.9358811780068
-252.11972830732637
-266.99254460888676
-260.87299193235356
-252.06061241641234
-253.61697567142758
-256.03995713114193
-254.1775597032734
-262.626906121077
-258.44929175381236
-261.3623342485836
-262.72059419366855
-276.9573585420484
-267.83991702952545
-281.76952200775395
-294.7433506872887
-285.93874964605135
-286.4224246672882
-287.1770791872509
-286.3264544360158
-281.8668671698548
-273.4148551396635
-273.38996383128364
-267.84656600140664
-281.7757720413222
-283.58922571884284
-296.57387217571227
-294.6794398451695
-284.0786734544593
-286.59395304719175
-299.3983158643602
-308.0744169124986
-319.5899518977486
-310.91455478388366
-322.25968149685065
-322.3041006070396
-310.5258545706172
-305.39430329638014
-302.3706450985973
-297.0084063926814
-309.18790200912053
-301.1966278885733
-300.7648302152589
-298.4989404023433
-286.7090039782027
-278.2064637395105
-270.8140759151399
-263.80523136023146
-262.55691747861755
-266.84350242990047
-262.0528922841064
-256.04971874706
-270.68673562223637
-284.4455314849022
-284.53879959580803
-280.5464716200595
-275.7136833228559
-268.8908623234845
-279.69741058407544
-274.13556594903093
-283.84743199208907
-282.29658607256374
-276.6987909082099
-270.41686345371727
-264.93185164649424
-257.79594054770456
-255.3481841148423
-247.76729306795175
-246.04125548387464
-243.21878015484214
-239.8456533455516
-236.19491414481848
-234.44321929612934
-245.51662613836157
-251.66562857005985
-246.94569085585624
-240.22894940450485
-236.25521244023454
-232.03989969382047
-226.21750571219124
-233.04445536945977
-227.82178804729216
-224.3524807644546
-222.65133191858732
-233.89225200347207
-230.7787168832637
-246.9319938702679
-252.3360742380518
-261.1359097837687
-259.62775519674256
-256.17008988493797
-259.99988449184167
-261.5598914223312
-254.5662979369913
-248.4123200607718
-255.10758085712547
-259.42112600569794
-255.85585844535606
-248.12450693863468
-241.8170365223166
-237.5080143309776
-233.33753347111895
-228.2772814628518
-224.24064457508067
-222.00620590057582
-213.90583354654126
-206.71148353374875
-202.28879452172382
-199.93146685042038
-196.39557883939514
-209.69184410903142
-218.77033346248953
-218.96411345474013
-224.3062666474557
-220.62789064860834
-220.11021720969183
-213.3236041771103
-209.64418792648368
-202.52553665089465
-199.97400445184095
-197.99556418473048
-196.01583033364665
-194.51488051362782
-192.92398768281015
-198.38854842184153
-212.465235516531
-229.71732138553915
-225.5342821024068
-227.0622251762624
-225.31849166568662
-221.2193821657454
-216.88621923580067
-221.0930460816526
-237.58746331675343
-231.5522155177482
-228.0990825866833
-221.07313763148227
-217.2287493735933
-213.91502441117768
-210.140122946507
-211.81171556971657
-206.90301263553357
-201.44883187740155
-200.40190196475743
-204.45778784687195
-207.19032057605963
-201.05890134149607
-196.25536726100628
-198.1000452253459
-196.23404251182515
-199.81999996111563
-197.07079996344868
-198.56655196564174
-198.23255884770325
-206.01860531684105
-221.61748899783058
-226.7404396579607
-228.79601327848306
-245.06825248177407
-249.20415733286762
-249.61190789289554
-244.1751934193218
-259.5246818141625
-265.7932009053127
-271.14560885099394
-284.87687231993425
-273.9642599807382
-264.9664043818939
-255.78842011898024
-249.68111491184143
-264.70024801713095
-258.9582331361031
-254.4007391479369
-248.37669479906066
-261.974093111117
-276.25564752444996
-269.64030867298294
-263.18189015260396
-267.1309767434477
-268.92311813884083
-272.70773105051035
-272.5452671874797
-265.3125511562309
-260.133798086857
-256.34577020164556
-249.9650239895468
-245.647122550174
-249.08829519716355
-241.16299748533373
-237.3732176362137
-235.07082457804086
-230.0865751033584
-228.3413805971569
-225.80089776132746
-242.2528438956478
-257.7176732619089
-253.59461286619435
-248.93893609422267
-244.6225999285693
-259.9452439328551
-274.3485292968837
-269.64761753907067
-263.9087604867264
-257.1342348575228
-269.96618076607143
-263.5482099201071
-277.7353173249007
-272.4711982854066
-262.48292638828224
-265.0339508049853
-266.77191375668616
-267.68559893128497
-271.48446299540785
-270.55539521568335
-266.8620715027423
-263.45034721257775
-258.3233263798231
-255.90392679703368
-270.54969118921167
-276.336709717859
-284.17650713478747
-283.3259167067002
-283.90636170429815
-281.09198000204026
-272.8664612019178
-273.5344735298027
-276.6224051180145
-273.1050608109336
-268.53875716227753
-265.02643173254086
-267.5448458285884
-266.85215507887307
-259.7810257741407
-249.65416422769223
-248.1749143740307
-248.34441951158885
-243.7037543408935
-237.90152908043987
-232.80743733561349
-229.39899109547667
-224.09505162974807
-222.28934853196316
-217.41198762004535
-212.16726836284263
-216.17723226107208
-233.20659832540775
-227.43420242588329
-233.5881502803303
-237.39286126351047
-253.14928958769983
-258.3003322124378
-256.24231227969153
-270.86777354291
-271.8957071303354
-268.9619647025153
-263.9242468203644
-258.0487920111425
-251.44586449047392
-244.99911262104547
-244.3391658637827
-242.99881591195572
-236.51888695723835
-233.36775373980402
-229.86568851541577
-234.6737472044908
-229.23332237222132
-238.03932302988804
-231.73696364809473
-224.49274582920904
-223.3231810794565
-223.84379021468908
-217.97316280180772
-214.67477303369924
-208.39428665167728
-204.65062945257662
-204.431591685422
-199.1256961842967
-197.37815441323886
-195.31546514844453
-192.23653723953782
-189.88234500516555
-189.6494043048556
-191.59044004656425
-199.5950136437704
-200.15931282514416
-199.78975405563548
-208.92236881229735
-209.2870266835595
-202.24980508254592
-197.13481677759316
-194.54672777093757
-192.1739241046813
-191.08348865840043
-190.05847933889638
-190.8349705785626
-186.34487234384883
-186.7441800032179
-182.49952920302482
-177.6695574508433
-174.08938400379273
-180.20402096356517
-178.57177970575125
-176.49747292340618
-177.9076245480018
-178.93316707512167
-176.53717705061436
-179.3249464275775
-196.94544964192283
-202.64872266340745
-199.00979930360302
-200.92921134538682
-206.81345866466359
-205.44465114478376
-223.11797207609672
-222.09089375153093
-220.3454401264391
-217.2647137188527
-215.14883089572152
-212.85990104197822
-228.4083069794595
-229.22380856069194
-224.8903800470504
-241.39695724422737
-238.79313980957372
-235.62555142099927
-229.7080183357393
-229.78553723559492
-225.5984050014592
-222.02250070137165
-219.20115065928934
-229.62908161973195
-226.951336722548
-228.51425651919513
-224.82340112804343
-219.4939970603608
-223.78435723673917
-228.4772958025348
-226.46865805438267
-223.0805385711197
-223.1957062568525
-218.80396388144135
-216.35572604855486
-214.83438248564156
-211.30431953650304
-207.14606036431286
-221.77729674245407
-238.47065893790682
-241.7424194016324
-245.05787423753443
-249.79440178328235
-264.80673767628537
-270.8783334157082
-270.3456334107657
-266.8448954061197
-280.1742016817525
-271.70374958084733
-268.7215246059965
-282.3582331296367
-279.33673914185846
-279.9165347933469
-281.6015427057461
-272.86545014340135
-267.1135231347973
-276.04671174670943
-272.14390904190685
-274.7752744993924
-288.2887580294289
-300.9914325476631
-312.9319465948033
-321.0960297991151
-314.5502680111682
-325.67725193049813
-336.13661681466823
-345.96841980578813
-339.0103146174408
-348.66969574039433
-353.60951399597064
-340.85294315621235
-350.40176656683957
-359.3776605728292
-367.81500093845943
-357.0261008821518
-351.2045348292227
-346.75226273946936
-336.3271269751012
-335.2874993565951
-324.7702493951994
-319.7440344314874
-309.07939236559815
-301.5146288236623
-291.94375109424254
-281.98712602858797
-279.2278984668727
-269.5542245588603
-264.0609710853287
-257.57731282020893
-267.0826740509964
-277.39771360793657
-279.95385079146035
-279.1166197439727
-292.36962255933435
-284.1874452057743
-294.85619849342777
-287.1248265838221
-299.89733698879274
-306.74349676946514
-304.1188869632972
-306.63175374549934
-301.55384852076935
-304.7006176095232
-295.47858055295177
-285.9698657197747
-297.7916737765882
-309.9241733499929
-321.3287229489933
-332.0489995720537
-325.74605959773044
-315.1412960218666
-326.2328182605546
-323.63884916492134
-317.42051821502605
-321.4152871221245
-332.130369894797
-330.62254770110917
-327.1651948390426
-316.71528314870005
-305.932366159778
-307.2564241901913
-318.8210387387798
-320.21177641445297
-316.2990698295858
-327.32112563981065
-325.081858101422
-323.1569466153366
-317.4475298184164
-307.0406780293114
-297.37823734755267
-286.6155431066995
-286.1586105202975
-276.30909388907963
-267.41054825573485
-260.90591536039074
-257.5515604387673
-258.1184668124412
-255.47135880369476
-270.14307727547305
-263.95449263894466
-265.157223080608
-262.6877896957715
-267.2665223140252
-274.0905309751837
-263.8850991166727
-255.3719931696723
-257.869673579492
-259.31749316472246
-256.2984435748391
-270.9205369603487
-264.8653047427278
-278.9733864581641
-292.23498327067426
-291.86088427443383
-293.60923121796776
-305.99267734488967
-317.63311670419625
-328.5751297019445
-321.4606219198278
-332.17298460463815
-342.18260552835983
-341.57164919665826
-351.07735024485874
-341.2327092301672
-344.99874667635714
-334.61882187577567
-326.1216925632291
-320.9543910094353
-312.13712754886916
-323.408899895937
-321.1643659021808
-310.3545039480499
-297.1332337111669
-287.7052396884968
-276.322925307187
-268.02354978875576
-258.6621368014304
-252.68240859334455
-245.80146407774387
-241.19337623307922
-238.66177365909445
-247.62206723954878
-238.40474320517583
-232.20045861286528
-224.02843109609333
-217.1267252303277
-217.47912171650802
-215.11037441351752
-209.40375194870646
-205.71952683178407
-204.11635522187703
-206.6293739085644
-212.47161147405052
-209.80331478560748
-211.25511589847102
-211.89980894456275
-205.90582040788897
-201.65147118341562
-195.9123829124107
-195.49763993766604
-197.74778154140606
-204.42291464892168
-203.91753976998635
-197.74248738378716
-194.63793814075993
-192.61966185231432
-189.88248214117544
-198.28953321270492
-200.07216121994261
-207.56783154674605
-206.87376165394127
-216.66133595470478
-233.6616557974225
-226.8419564495771
-226.07143906260248
-242.50715271884633
-236.17672355571554
-230.64612014237258
-246.8073529338302
-246.69891175780037
-243.71697705233234
-259.0939584291924
-273.5483209234409
-273.87542166803445
-287.44289636795236
-300.1963225858752
-293.40454323072265
-305.8002706368793
-315.9522543986665
-308.09511913474654
-302.6294119866617
-293.771647267462
-301.16534843141426
-306.0154275255294
-302.5345018739976
-311.0224317615577
-302.56108585586423
-293.1074207045124
-285.18097546224163
-298.0701169345071
-297.0459099184367
-298.90315532333045
-310.96896600393063
-308.0908280436947
-298.185378361073
-291.99425565940857
-287.1346003198441
-275.7865243006534
-269.4393328426142
-283.2729728720573
-281.93659449973387
-281.9403988297498
-277.2639748999648
-290.6281364059669
-282.5504482216089
-291.57742132831237
-284.5227760486136
-277.47140948569677
-290.82312491655495
-281.4737374215617
-273.70531317626796
-269.4029943856919
-269.4988147225504
-265.5688858391973
-258.5747526888455
-250.62026752751473
-242.60305147586385
-237.706868387312
-238.32445628407325
-236.44498890702883
-240.19828957260708
-234.66639219825063
-235.4064086663556
-231.06202414637423
-230.45830269759176
-225.87080453573626
-221.55855626359207
-222.60504288777653
-222.68874031450991
-221.9274158956393
-222.35177094190095
-235.35066468538687
-232.20962480426363
-225.95704731600782
-219.5396244770473
-219.74724700842447
-236.562412187919
-239.70866745664384
-238.3461474092452
-244.6853785646905
-237.98425585080903
-231.62520049976047
-224.38768846977482
-224.3044271615883
-218.04616153189298
-211.68339183997938
-205.8223883295806
-199.95304502980574
-196.2958623280174
-190.51811058833633
-189.64702395303615
-188.28820251585398
-193.43091036490273
-195.92505574300856
-192.14955239842803
-190.28057925452234
-185.643744499251
-183.50511982929592
-184.37481263953816
-181.47232388116586
-181.0839844482959
-176.81894538139812
-178.0298086585142
-185.82802013900334
-193.87833893066312
-191.24563859482333
-185.5909002791339
-187.65544626238585
-189.0561194866427
-190.37275231744414
-194.01038717839748
-196.10976394769364
-197.42317811083203
-193.31778742418211
-191.97872017873118
-186.5199969680073
-182.16879714992686
-177.35866932093126
-182.43714916167536
-179.83092021197484
-185.18106499925636
-204.07020109930096
-200.58598903334288
-201.5708296913423
-219.47657990986175
-230.78798511527003
-227.14070600835382
-224.31226364785257
-219.0735278289814
-214.0891161592425
-207.78376918968794
-208.39674303830668
-203.99293845600826
-200.75336214864777
-199.3881604197289
-205.54487079454518
-207.07217854687246
-217.98784783406012
-213.7885769640165
-207.56126234617548
-201.04758660540494
-201.22473140908065
-196.8912475245358
-191.19777267306364
-187.2259063126798
-181.332351933919
-176.51241081788385
-175.04166616881082
-173.53916619868215
-170.0268162267612
-166.12520725315554
-166.8376948179662
-165.6474331288882
-166.0885871411549
-165.3632719126856
-163.00147559792447
-161.20138706204898
-158.18930383832603
-157.51794560802645
-170.26686887154486
-166.05085673925217
-175.64780533489704
-194.32893701480322
-212.66920079391502
-212.98904874628013
-210.3497058215033
-217.1687234722131
-214.7586000638803
-209.25308406004746
-208.27789901644462
-203.76122507545793
-201.61555157093045
-196.41861847667462
-191.77350136807414
-186.56709128598968
-181.3130658088303
-178.77428186030048
-177.04782494868243
-177.8849554517615
-175.9118581246558
-178.13714663717644
-175.60891783894584
-171.3723827686091
-175.37003980249256
-171.147837414343
-173.2389671694824
-173.94462913931343
-172.56795139095462
-170.79387430749733
-171.88624184904748
-168.4730673381046
-167.8446832978183
-169.8340022999492
-169.12396216195222
-165.39652443223505
-162.01273296630094
-162.67196898832287
-159.1516508490235
-158.1225517980821
-157.45519869019716
-154.60788676878533
-151.9314135626582
-154.6955287488987
-155.55379702396476
-154.92056920252685
-152.46533505037524
-148.89741494735273
-148.30357005051155
-146.36535584748086
-148.863434496632
-148.57162842683408
-147.39733072122405
-146.1734908779506
-144.84308142527354
-155.71249653975713
-176.3697467473717
-178.50756194252938
-196.2371082259776
-196.76288173241895
-196.4771088284738
-195.78848229876536
-193.94117336083943
-192.62470295918905
-190.6072207816377
-187.9907875347394
-185.53134028265504
-187.17945986569572
-200.54869227375397
-197.9357707373287
-205.859624493089
-200.22804702350365
-200.8143642020934
-218.7655023499678
-217.93957220896974
-227.12319787643153
-240.3158060038456
-243.77685764361485
-241.69024618499793
-250.28883141389804
-245.29150152906416
-260.57401143732034
-261.2595707510811
-257.5839965060162
-266.3089567156552
-254.77041931271586
-245.4841941539529
-250.1951425047157
-251.98343395443277
-254.14442791716678
-245.61576224213675
-236.57881650760854
-234.024087517152
-238.94264226612287
-232.1060837301555
-225.43971870634613
-241.91333558396533
-244.7985354489274
-258.0706233219917
-250.0863859226722
-246.90120276731184
-238.5671306012731
-239.5531027651967
-237.7799165992849
-237.49312160332778
-241.6035343071281
-235.8673222487004
-236.89528291377837
-229.88156593895164
-225.80867198261453
-242.26015166365764
-246.26454256383815
-242.46867001000783
-249.52054980940733
-244.74931682084286
-240.6843578115923
-248.38329634289676
-244.70029856232293
-236.37828064858354
-230.1755838096685
-243.54504878108838
-238.23234585422307
-229.87840510296968
-222.1457007967915
-214.51695874898397
-211.72594122404493
-209.82238475060223
-210.3130416655661
-207.2342591656321
-201.46020361569416
-209.7725913987525
-205.16623591482733
-204.55626175993766
-222.2828860543414
-238.9459128910809
-235.46915811761602
-240.54100863055902
-247.52854811272545
-244.6168352259619
-237.6798251124042
-238.35903560565993
-235.93749346932032
-251.78124386116107
-245.49436922949138
-260.76470707572184
-272.4788246511785
-286.1300951721078
-278.0222894617813
-268.24095209407443
-282.1464949684299
-281.3577052703241
-294.47624295410463
-306.8076683768583
-318.3992082742468
-329.29525577779197
-339.53754043112446
-349.16528800525697
-339.31537072494154
-325.43644848144504
-331.35026157255834
-325.02924587820485
-324.84749112551253
-317.05664165798174
-311.89324315850286
-301.2196485689927
-313.1464696548531
-301.7976814755619
-293.0498205870282
-297.4868313518065
-287.4976214706981
-276.6077641824562
-267.1512983315088
-264.5622204316183
-254.0884872057212
-246.1031779733779
-237.8769872949752
-231.52436805727666
-226.99290597384004
-218.2333316154096
-212.459331718485
-208.3517718153759
-203.77066550645333
-198.6844255760661
-197.92336004150212
-194.20795843901197
-192.15548093267125
-210.62615207671098
-214.06858295210833
-226.00446797498182
-222.8241998964829
-218.93474790269389
-233.27866302853224
-228.16194324682027
-221.07222665201104
-221.06789305289035
-214.40381946971692
-207.5995903015339
-207.26361488344187
-201.06779799043537
-197.52373011100926
-201.9923063043487
-208.29276792608775
-225.79520185052246
-227.7874897394911
-231.64024035512162
-235.98182593381432
-239.58291637778544
-240.8079413951183
-244.35946491141118
-238.0978970167265
-237.6120231957229
-236.07530180397953
-231.39078369574074
-223.5073366739963
-230.0168964735565
-232.8358826851431
-233.5057297240345
-227.6553859405924
-234.27606278415684
-237.2594990171074
-242.76392907608096
-244.09809333151608
-259.4522077316251
-269.4450752677276
-262.15837075166394
-264.1888685065641
-277.61753639617024
-279.9804842124
-269.541655159656
-261.5891558500766
-259.99380649907204
-254.4141781091277
-248.50932742258004
-257.59876777722525
-260.5028417105917
-257.7126712079562
-248.9699109354788
-246.45171627935005
-240.30461330258902
-246.46633650443368
-243.49835631416764
-244.06845493531756
-238.36434763919848
-237.56248678084657
-231.88873757399577
-241.615413319556
-234.19848852038265
-235.80657920915968
-233.35818445661008
-242.57669338921346
-258.02209178586065
-270.38076627870896
-273.17792030198643
-265.8472450838672
-265.2564103788352
-265.90102575610507
-278.32696421073877
-275.48734635809444
-288.9581055766088
-292.74061924201226
-283.3361820874915
-281.396011162242
-286.95225049250746
-298.595115462957
-288.35940853517957
-285.87784402306875
-281.0851733816846
-274.4800629787835
-266.9512592000565
-259.7541836480531
-274.1689326291699
-278.9587966714197
-287.1212688711345
-287.17399273886645
-288.7835531745344
-301.4565399840623
-313.36914758501854
-324.56699872991743
-328.4929788061223
-317.84340007775495
-308.01279607308965
-319.35202830870423
-319.57090661018196
-315.156652213571
-306.38725308075675
-301.6240178959113
-296.84657682215663
-284.9157822128272
-287.26083528005756
-288.1451851632541
-290.71647405345885
-295.6534856102513
-291.3542764736362
-290.613019885218
-288.4762386921049
-280.2276643705786
-277.2140045083439
-269.58116423784327
-262.46629438357263
-257.87831672055825
-248.28561771732473
-240.82848065428522
-234.8387718150281
-231.1884455061264
-235.7971387757588
-227.94931044921327
-222.8523518222605
-215.66121071292486
-213.94153807014936
-212.08504578594037
-210.81994303878395
-204.8307464564569
-200.46090166906944
-196.29324756892527
-194.71565271478974
-197.07271355190232
-193.16835073878815
-190.45824969446085
-184.6107547127932
-189.9141094300256
-192.19926286422407
-192.3073070923706
-210.76886866682835
-211.20273654681864
-228.5305723540095
-234.01873801276892
-249.97761373200277
-263.7789569080826
-277.9522194935976
-289.1150863239817
-301.7681811445428
-313.6620902758702
-324.84236485931797
-335.3518229677589
-336.59071358969334
-346.3952707743117
-355.611554527853
-348.8548612561818
-357.92356958081086
-351.5681554059622
-360.47406608160446
-368.84562211670817
-376.71488478970565
-384.1119917023233
-391.06527220018387
-397.6013558681728
-384.60527451608243
-391.52895804511746
-381.05722056241035
-376.43378732866574
-383.8477600889458
-384.396894483609
-368.1730808145924
-369.1226959657169
-358.49533420777385
-348.5656141553074
-338.75167730598895
-336.9665766676296
-324.90858206757184
-326.7740671435175
-319.88762311490643
-322.29436572801205
-311.29670378433127
-303.1189015572714
-297.11176746383506
-304.48506141600495
-314.1759577310446
-306.6654002671819
-300.385476251151
-312.3623476760819
-323.62060681551696
-325.68337040658594
-336.14236818219075
-333.1938260912593
-326.0421965257837
-336.4796647342367
-332.43088485018245
-342.4850317591715
-351.9359298536212
-348.8197740624039
-341.87058761865967
-346.7983523615401
-355.99045121984767
-364.6310241466568
-372.75316269785736
-380.3879729359859
-380.8446945598267
-386.85401288623706
-377.6827721130628
-366.901805786279
-353.1676974391022
-340.857635592756
-330.0661774571907
-318.36220680975924
-310.78047440117365
-301.73364593710323
-313.62962718087704
-316.6518495500244
-327.6527385770229
-332.23357426240153
-325.61955980665743
-336.08238621825797
-341.5974430451625
-351.10159646245273
-353.01550067470555
-346.6545706342232
-336.4752963961698
-327.6867786123996
-314.68557189565564
-301.68443758191626
-290.2433713270013
-280.08876904738116
-275.1634429045383
-271.373636330266
-261.39121815045
-253.087745061423
-243.48248035773761
-238.77353153627334
-243.28711964409692
-253.3498924654511
-257.048898917524
-259.8659649824726
-252.4940070835242
-250.12436665851274
-243.81690465900195
-237.04789037946182
-234.8250169566941
-231.41551593929245
-224.9705849829349
-217.2923498839588
-214.33480889092127
-206.57472035746596
-209.840237136018
-210.32982290785694
-207.01003353338552
-224.58943152138238
-222.9940656300994
-227.73442169229344
-244.07035639075582
-253.72613500731046
-250.9225669068718
-245.94721289245948
-241.45038011891188
-256.96335731177714
-271.5455558730705
-270.5528225206863
-270.21965316944505
-267.80647397927834
-259.8380855405216
-252.7078004080903
-248.76533238360486
-245.77941244058854
-247.71264769415322
-246.109888832504
-242.74329550255376
-244.6186977724005
-240.08157590605646
-241.51668135169305
-239.62568047059145
-234.24813964235594
-231.65325126381458
-225.5540561879857
-217.36081281670656
-213.67916404770415
-211.6584142048419
-218.27890935255138
-214.6621747913983
-212.4624443039144
-205.8946976456795
-202.72101578693875
-207.35775483972242
-207.27628954933908
-209.11971217637873
-211.692529445796
-206.73097767904824
-200.08711901830532
-204.761891877207
-199.73617836457456
-202.51200766270006
-204.88128720293804
-222.58840997076175
-232.45310537251603
-248.50591905016506
-244.81556390715514
-237.56663007272581
-240.35263226836224
-255.9314743322605
-249.75558587232487
-252.89025071998537
-245.63683567678623
-241.63862553617906
-253.30030800400831
-264.3822895237678
-260.9993521523417
-275.3393910232012
-284.9790275618091
-280.72028590810055
-280.1970687536145
-270.16524462839755
-271.59532995069367
-265.979610153652
-264.48083354443287
-255.4519835317669
-250.50486451986086
-244.95457264866917
-239.677298289749
-238.19666039236404
-231.28486076882217
-225.02776912269283
-218.60610297533125
-213.82973679681137
-211.37995258900267
-207.6971554336625
-205.01532610764272
-202.07440654118415
-209.4499421487131
-205.58294561979028
-201.22796888260285
-198.87429074964666
-205.36183330466784
-208.82012330638776
-205.6509159080045
-202.0718609535242
-201.34754929631276
-202.106696338534
-197.48029455822194
-196.25147688472862
-191.79638827164487
-188.56860497534618
-189.13448867682538
-195.78641935621584
-194.1192341948429
-190.21208014315232
-187.01935533456316
-183.95819401448935
-179.58070237361997
-180.26586023120277
-184.44990861733058
-184.12291410029076
-182.37553925427332
-179.7730068990169
-178.76662648507588
-176.1406288959713
-175.772191162213
-191.86585969248023
-190.0139081109314
-184.7330736242755
-181.14908920681896
-181.7401438544098
-182.0557352231452
-176.4123911097565
-179.3876476431711
-176.48438878458086
-173.095325457506
-173.98960593005563
-169.0102295742523
-164.50961579979713
-160.51903885180928
-158.0278965207007
-157.84622272945865
-159.89544936569112
-157.56172240374963
-157.10801905952465
-156.56153791595315
-152.62784564099596
-151.4501749025362
-149.20316440838403
-148.23097454388096
-146.7771160712481
-154.5304891069732
-160.8586597605548
-181.20714017492148
-200.33471176442617
-204.5746290585606
-219.54015131504696
-227.30774223614412
-243.66927770197546
-259.0491210398569
-264.62617377746545
-262.4286033508175
-276.6828871497685
-281.92191392078234
-275.5665990855354
-283.9926031404033
-277.93304695197907
-284.0570641348603
-286.8136402867687
-278.60482186956256
-268.0685325573888
-264.4644206039454
-265.5765553677087
-256.84196204564614
-247.85144432290735
-244.8603576635329
-238.02873620372094
-238.74701203149766
-237.7421913096078
-234.3976598310313
-242.2338002411694
-241.91977222669922
-235.68458589309725
-251.5435107395114
-245.7509000951407
-250.20584608943224
-257.6934953240663
-252.7918856046223
-260.4243724683449
-256.7989101202442
-247.33097551302956
-247.01111698224778
-262.1904499633129
-263.55902296551415
-277.7454815875833
-268.1607526923283
-281.17110753078856
-278.9408410789412
-271.38439061420473
-285.10132717735246
-297.9952475467113
-299.3155326939086
-291.3766007322741
-283.37400468833766
-283.59156440703737
-273.3560705426151
-265.59470631005814
-265.61902393145465
-265.04188249556734
-256.4593695458333
-249.83180737308325
-241.98189893069824
-234.54298499485634
-226.71040589516497
-221.20778154145506
-215.97531464896775
-213.99679577002968
-212.3169880238279
-207.5579687423982
-201.8844906178543
-195.53142118078304
-198.37953590993607
-196.1967637553399
-191.9249579300195
-196.78946045421833
-192.2420928269652
-188.32756725734728
-183.86791322190643
-182.13583842859205
-201.20768812287653
-208.51522683550394
-211.8443132253737
-206.21365443185127
-207.5808351659402
-207.90598505598376
-208.51162595262474
-202.36092839546723
-196.09927269173917
-191.71331633023482
-199.05051735042073
-208.52748630939547
-202.49583713083172
-200.1860869029818
-195.91492168880288
-193.58002638747467
-198.46522480422618
-194.29731131597262
-189.41947263701425
-184.3543042787934
-184.15304602206578
-190.44386326074184
-191.4372314650973
-189.67099757719146
-188.37073772255997
-185.34849345920637
-187.90758385165398
-186.59312882055474
-185.11754109132144
-181.87048862584214
-181.1582593082916
-190.7487637497941
-192.98383792480647
-193.22480764931805
-200.71131919035895
-200.24864003893742
-198.61372163660116
-197.97689833840508
-197.43828443810077
-198.01198737181468
-208.4512681295058
-208.72419204173542
-202.4407405192313
-198.7542960880774
-216.82903832279277
-218.69929602342518
-220.63733826201965
-217.23909796629846
-211.94475208832054
-207.8680669630213
-203.25598294524002
-196.8206239685256
-214.23138653041406
-212.4175033385892
-228.6524531382738
-240.55330594997739
-239.20010759297875
-233.66810113740001
-230.808015069156
-246.11953416500663
-251.2723621151062
-255.15602038819983
-248.60665916490782
-240.71025961501334
-234.54764403811254
-236.25478539582576
-241.21949827207618
-249.7263283757516
-257.1227486732065
-251.77538375281412
-249.14886072764526
-244.75992908398652
-243.63433333894733
-259.0162733386105
-273.47529693829387
-282.1467791219962
-282.3179723746764
-295.3788940321958
-298.716160390264
-289.61319076684816
-302.2363993208373
-292.622215361587
-305.06488243989173
-295.9409894934982
-284.8445301238883
-277.17385831645504
-279.6834268174677
-292.90242120841964
-285.82827593591446
-280.6185793797596
-272.181464616974
-285.8505767399555
-284.3595421355582
-275.99796960742464
-275.33809143097915
-274.59780594512034
-274.4419375884131
-271.2954213331083
-263.2376960531218
-254.3434342899345
-245.14282823253842
-238.5942585385861
-241.55860302627093
-235.22508684469466
-233.23158163401297
-233.7576867359722
-229.51222553181384
-227.441491999905
-227.83500247991068
-244.16490233111602
-241.99500819124904
-240.37530769977408
-241.4327892377876
-240.44682188352033
-236.7000125705091
-252.01801181627854
-266.89693110730184
-273.7431152408637
-276.81852832641187
-290.20941662682714
-287.07685162921746
-291.45224053146444
-293.2851060995765
-305.68799973360194
-317.3467197495858
-304.66591656461065
-310.085961570734
-321.48080387649
-327.81195564390055
-333.2232383052665
-327.80984400695047
-338.1412533665334
-331.3527781645414
-328.27161147466893
-317.03531478618874
-309.47319589901736
-298.1048041450763
-293.35851589637167
-283.31700494258934
-273.99798464603396
-277.71810556727195
-274.8550192332356
-267.3037180792415
-261.285494994487
-257.78836529481777
-255.5810633771287
-270.24619957450096
-284.0314276000309
-296.98954194402904
-293.2101694273873
-291.93755926174407
-304.4213057060394
-303.556027363677
-315.34266572185635
-307.76210577854494
-300.03637943183224
-295.7141966659223
-289.79134486596695
-286.5638641740089
-283.6500323235683
-287.2710303841542
-282.6947685611049
-286.5530824474386
-288.9798975005923
-301.6411036505568
-304.48263743152336
-299.5336791856319
-290.741658434494
-303.2971589284244
-298.2393293927189
-299.00496962915577
-311.0646714514064
-304.160791164322
-294.43114369446266
-306.7652750727949
-298.31935856842716
-310.42019705432153
-300.61498523106224
-291.8780861171985
-304.3654009501666
-295.7034768931566
-290.4412682795672
-282.7947921827932
-295.82710465182555
-283.837478372716
-279.527229670353
-273.61559589013183
-266.5586601367239
-259.74514052852044
-254.0004320968092
-247.4604061710006
-255.23278180074055
-248.5588148926961
-239.8252859991343
-253.27576883918624
-260.45922270883506
-272.25166934630494
-263.2365691855266
-259.50237503439496
-253.11223253233126
-244.76549858039138
-246.03956866556788
-242.31719454563378
-235.15816287289573
-226.80867310052196
-230.96015271449062
-232.82254355162118
-238.1731909385239
-233.12279948221246
-227.7154315132797
-220.7125056224829
-222.58975528513392
-231.91436996802588
-227.9595077699443
-223.64193730374762
-240.22342106552276
-235.17001580159138
-229.5798148534959
-227.4450259622861
-223.99832440454892
-218.77842494027598
-218.6117194438594
-218.57501627722786
-212.30051530059418
-208.86248438255853
-216.070735319605
-222.1864912004287
-218.87530172840297
-213.00278362469876
-208.74261660721683
-209.41805961078379
-206.63297603413676
-204.61499747208853
-222.33809762376322
-238.9978117663374
-253.99794306035716
-252.1380664767357
-254.10978248813154
-268.8631955388436
-282.73140380651296
-292.58751957812217
-285.29226840343483
-291.6947322992287
-289.133048361275
-296.14506545959847
-302.67636153202255
-301.3157798401012
-288.5168330496951
-280.5658230667134
-281.31187368271054
-276.2531612617479
-268.13797158604297
-264.2896932908804
-258.87231169342755
-258.2199729918219
-252.9867746123126
-245.30756813557383
-242.28911404743937
-232.911767204593
-224.9970611723174
-218.15723750197833
-212.56780325185963
-211.93373505674805
-221.17771095334317
-214.56704829614256
-211.113025398374
-211.82624387447154
-209.13666924200325
-201.50846908748304
-202.49796094223404
-203.2480832857
-209.29319828855802
-220.97560639124453
-217.25707000776984
-212.02164580730366
-208.0003470588654
-201.40032623533347
-197.05630666121345
-193.03292826154066
-191.5909525658482
-188.67549541189732
-190.43496568718348
-188.06886774595247
-186.4447356811953
-182.09805154032358
-177.95216844790417
-174.6550383410299
-173.2957360405681
-177.237991878134
-175.06371236544598
-178.1198896235192
-174.75269624610806
-169.30753447134157
-167.24908240306107
-172.2741374588774
-175.13768921134474
-174.22942785866402
-174.6356621871442
-174.05752245591555
-173.8140711085606
-171.24522684204697
-169.01051323152413
-168.88988243763268
-170.1564894913747
-169.00710012189222
-166.60667411457868
-163.69027366770396
-163.40885724764172
-160.2643258127832
-164.7484662640162
-162.30355828817522
-158.7453447908847
-157.50062410343162
-153.15058665722572
-149.42155145779216
-148.91625837032464
-147.66128286810516
-148.52160589601885
-148.3103095422577
-145.11169096972222
-145.16498951153886
-157.09509014084654
-165.72938473239574
-167.78562164845198
-166.53848434954483
-167.28617528857214
-163.6690047712578
-168.6688644849823
-176.36873261588335
-173.16660865893033
-169.0766121393945
-165.11201541103085
-160.18529448636897
-158.43417681718682
-157.50812620815563
-154.59763863566627
-151.92178031752627
-148.80647349847467
-146.4180850885662
-148.9129999832522
-147.83821998425708
-144.72792678520165
-143.12425117808957
-139.81679610740417
-137.36778834095992
-136.14572104050234
-132.1169777780722
-130.96995911138785
-127.73176156470458
-127.8078558708223
-130.69938451857294
-135.21742144745855
-132.26437616061102
-131.10851359097435
-127.50200277551589
-129.21188260898492
-130.45916965244584
-132.47161947329909
-131.12332230490114
-139.69592296660704
-138.87416758861062
-141.16171753329397
-141.39201448129631
-138.06849361241854
-141.0643839956734
-139.740520955933
-138.376089698577
-135.35352431666237
-135.87231285766262
-137.13997408620284
-135.45157564103064
-137.0444811025688
-134.64181223641467
-132.32330350222978
-130.383905292096
-130.30087097457022
-130.76281871609598
-129.39704959313022
-126.7332266175424
-126.14923302048985
-125.60027903926044
-126.28426229690481
-127.22720655909052
-124.09357416554508
-122.88795971561237
-121.09468213267562
-119.46900120471507
-119.92086113243217
-119.44560946448622
-120.07887289661704
-117.73414052282001
-116.37009209145081
-118.26788656596375
-118.73181337200592
-119.16790456968556
-119.39783029550442
-121.71396047777415
-120.4711228491077
-124.10285547816123
-124.45668414947154
-123.76928310050324
-125.94312611447303
-126.54653854760464
-127.17374623474835
-127.82332146066345
-124.95392217302363
-125.1366868426422
-123.92848563208366
-145.05277649415862
-147.20960990450908
-144.49703331023852
-143.62721131162422
-145.38957863292677
-146.26620391495115
-146.0102316800541
-143.54961777925084
-141.05664071249578
-139.073242269746
-136.54884773356122
-142.99591686954753
-141.07616185737467
-139.03159214593217
-138.5496966171762
-139.41671482014564
-142.0917119309369
-140.94620921508067
-138.2494366621758
-137.45447046244524
-135.0272022346985
-137.06557010061658
-137.54163589457957
-139.84913774090478
-141.89818947645048
-145.98429810786345
-144.66524022139163
-143.1853258081081
-155.95420625962163
-157.93695388404433
-154.94073665100166
-153.92429245194154
-156.38883490482502
-154.80550481053552
-154.21717452190336
-164.16414405058913
-161.63429540755376
-161.71623768310053
-163.71326342211447
-168.2304676167876
-167.79663955978032
-165.10884118619347
-164.50231071502188
-171.01217207212056
-174.3114417477933
-175.9727552429257
-178.55438992835013
-186.44112653264912
-182.45465894069017
-182.72737940424875
-176.80373663999382
-176.33551244159418
-193.77538169509853
-190.6088587933926
-186.25232726578906
-180.9571876298417
-191.3997563720512
-185.7357709897281
-180.89162473034443
-175.97812724652374
-180.47943961173232
-176.07067323502835
-172.58643284092665
-174.23124687047104
-169.89737205824278
-164.8635297347482
-172.3717179506633
-170.4294148736235
-167.22364998120608
-162.1102309823337
-166.42361712339365
-163.69820009599002
-161.3763080902306
-160.57372960481675
-157.11930582852773
-153.81214747881606
-150.8834186300871
-158.63041351228188
-155.41258870154496
-153.88783337945227
-155.81456337668513
-160.385689574084
-156.10254819963896
-154.8963953076606
-153.04261158920096
-154.06005489384887
-149.91645160021793
-148.06146450420482
-144.03777663395255
-142.11551003591538
-141.14857943376046
-140.6596646677348
-137.08008478767073
-136.83527970041047
-137.32516291838581
-142.58565314328266
-139.13051395468568
-137.74268311740454
-138.23812213036024
-134.8638348025386
-134.33200471438627
-132.7520844315231
-133.36695936563171
-131.4849418036938
-129.65584529547215
-127.39649457774381
-128.69270490307917
-129.0711426088944
-127.44687405236074
-126.16006160921908
-130.47045791266595
-127.38223043790597
-124.17929661163161
-121.94853881493371
-119.6116264860377
-120.71492889687542
-122.35203316306288
-123.71091117327911
-128.22825650288237
-129.95456111270943
-130.07728744594684
-127.07265019919002
-131.8682911872386
-130.6161937160043
-128.35922209304402
-125.75766876746137
-128.41220864141368
-129.34747612292887
-130.9466275555531
-131.60982990221993
-129.23324010808673
-130.77924570160152
-128.99249095950543
-132.3529415019351
-131.911765011819
-135.15705911110985
-135.74763556444324
-140.14277743057664
-139.77421078474202
-142.7877581376575
-142.50049264939804
-140.91046309043415
-140.0758353050081
-142.8912851867076
-140.13780807550512
-136.8295395909748
-139.3597672155163
-136.69818118258533
-134.91629031163018
-135.64131289293235
-134.6428341193564
-135.504264072195
-133.4340082278633
-133.2279677341915
-130.63428967014002
-134.1962322899316
-134.42445835253568
-137.69899085138354
-137.35705140030052
-138.11562831628248
-137.26869061730554
-136.29256918026718
-137.17501502945115
-134.76451412768407
-134.238643280023
-133.1443246832216
-130.73566520222832
-130.3915252900946
-130.1880337726889
-130.95675174632757
-130.6593466415479
-136.01978584305502
-140.8785986924717
-141.2458827709234
-144.711129804668
-147.3684620163879
-143.6263542954046
-145.08877303768034
-146.40344665541951
-146.91923985609435
-147.9440854647287
-161.92744033684494
-164.81179391663423
-163.32308628163617
-161.863701104738
-182.1518790384537
-176.86276629614645
-177.35100031837766
-180.74994029927498
-181.18494388131847
-177.75384724843934
-173.56861641353296
-172.69449942872097
-169.8928294629977
-173.91925969521782
-169.30410411350474
-177.74585786669445
-176.50110639469275
-176.7110400110112
-175.7083776103505
-177.40587495372947
-178.2815224565057
-180.84463110911534
-178.2739532425684
-179.2175160480143
-175.0644650851334
-171.88059718002538
-170.62776134922385
-168.4900956682704
-167.14068992817417
-166.3522485324837
-167.7711136205347
-165.20484680330262
-163.09255599510445
-161.58700263539816
-161.55178247727426
-159.3586755286378
-156.03715499691953
-158.97492569710437
-158.85643015527808
-155.74504434596136
-158.64034168520368
-156.38192118409145
-153.53900591304594
-150.74666555826317
-146.62186562476737
-146.8245536872813
-147.37508046604444
-147.17257563808175
-149.86222109979684
-154.010487833809
-152.26985856378047
-151.05366704995362
-147.5704470269564
-145.496220205339
-143.00644699301867
-143.12606017343754
-146.8984965630313
-148.40458676924942
-146.40031156309445
-149.73629286930878
-149.21211529715026
-151.29938837932124
-148.16142507656195
-146.59173957196822
-157.7162351976501
-157.73326108579107
-155.8892654206436
-158.835909495405
-159.56575492568066
-156.95180963013982
-157.31470105233143
-158.19581898919154
-178.70406984984004
-180.34182565884964
-180.92131611931867
-178.88603715215953
-176.37287492302994
-171.73050242764813
-167.30667228198922
-169.68827194506986
-169.04697562836566
-164.18415709066372
-169.69310766522386
-168.39152120531043
-174.7280299329918
-173.66434813701227
-171.88448724879152
-171.65141801386403
-174.61233293303218
-170.79559295705025
-170.80785737962722
-167.39938593684957
-172.23542278063857
-176.12129741380025
-178.87401956897222
-180.62157839483388
-182.9242836911438
-180.5888266696752
-181.33349706949468
-179.813487245325
-186.9046780106055
-186.37039732996917
-187.968173490171
-196.19008308076073
-193.4786780959151
-187.74995741016016
-187.28495996555054
-180.72786236761752
-176.90419062556046
-175.34993918802684
-174.42894283674522
-182.86320626654052
-178.49141389054807
-176.12192905711518
-178.27461331368826
-173.03813651486698
-168.71584832397494
-168.97289742453643
-169.87452357906423
-171.26205216432038
-168.24632903446113
-168.17154929239345
-166.48125633484983
-168.31238095475882
-167.33363809747328
-164.25361981162487
-165.91840262292737
-165.74329846555173
-165.2187005576186
-163.34557852416148
-162.06484381271179
-163.44095318394906
-166.35449599291212
-165.5532262333374
-161.50003265933714
-169.63003069977688
-168.57222885779026
-167.33789512632285
-163.71762141874345
-165.47456413361886
-168.3860902856017
-167.3429248684656
-168.22234937635764
-167.48900841377616
-165.47966790894958
-164.79088783441262
-184.90343456434786
-186.34922849048698
-184.04827478105776
-193.2253782941943
-210.0718555965426
-203.64754426075004
-197.42869160510503
-203.4029701087987
-202.83879190227077
-196.6684643881345
-202.80835652484643
-209.83985513335563
-203.30946382535427
-199.390895995833
-206.687442236083
-203.40619570191802
-201.28182395980295
-198.14491452221475
-192.19621965088186
-186.78444647182894
-182.23737968351918
-181.08313690250802
-179.33814868835753
-174.27785976705607
-175.7611881810327
-173.79551689017075
-173.68778587676047
-173.5865187241548
-172.83132760070552
-172.66144794466317
-171.06176106798335
-176.33805540390435
-185.79777207967007
-193.18990575488985
-189.81851140959645
-186.10940072502066
-184.00283668151943
-188.26266648062827
-188.30690649179056
-188.9484921022831
-186.9715825761461
-187.75328762157733
-184.22809036428268
-182.1744049424257
-180.42394064588015
-177.87850420712732
-175.36579395469968
-170.4238463174177
-171.17841553837263
-175.72771060607025
-174.84404796970603
-170.59340509152366
-167.31780078603225
-176.5987327388703
-171.46280877453808
-170.3550402480658
-168.05373783318183
-164.0305135631909
-161.92868274939946
-161.5729617844355
-161.71858407736937
-159.3354690327272
-158.17534089076355
-154.98482043731775
-153.1257312110787
-151.37818733841397
-150.5154960981091
-148.02456633222255
-149.0430923522892
-145.38050681115183
-145.7176764024827
-142.85461581833374
-140.8233388692337
-143.8339385370797
-143.5439022248549
-149.8712680913636
-167.09899200588177
-172.85305248552885
-174.2418693363971
-172.48735717621324
-172.03811574564043
-175.515828800902
-194.98487907284786
-191.62578632847698
-189.36823914876837
-182.44614479984224
-188.41937611185168
-204.29421354514056
-222.03656073243212
-223.41436708848616
-226.92950506317698
-224.29373475938633
-217.85611067382314
-215.52474403339374
-209.49325939139013
-203.2836638279067
-199.5466439982323
-195.07384535833836
-209.40941463683805
-207.28484975862776
-210.9277587731101
-209.01209324672348
-215.31136765192005
-216.97268559280485
-210.49432445723653
-206.26466498980233
-209.0687850904142
-205.34465798498934
-206.40397850588997
-204.87973979553658
-199.78695540780436
-196.55973808333607
-214.7661537983359
-213.5801845704357
-210.96537349620954
-206.04745108643695
-200.04460402125073
-197.82192777997568
-193.45261211317714
-191.3854553863865
-188.1823280632033
-183.7913883794111
-181.82390507664644
-186.39447077204764
-187.27080252572478
-189.53455437418128
-197.0024811117304
-192.26233224502656
-191.64659231032493
-188.96779677170542
-189.26972896540306
-185.83354522747885
-184.6435325138301
-180.4649205630003
-195.85702532922028
-195.08560380946705
-194.48046758089902
-188.21163952604508
-183.21894115448237
-177.6858046852134
-175.4246564041006
-190.57917701985457
-192.7044263986633
-194.10216081474348
-188.33603116585886
-184.1758692959073
-181.76531713815285
-177.03939810986367
-178.59703422327183
-179.7612121698755
-175.15553943968297
-173.886207073302
-169.39303464890386
-171.16945256996962
-167.85928541577144
-164.56772829082516
-163.99366459337566
-162.1340447177731
-169.26600203470667
-179.27004191262427
-175.2938393978668
-175.51620903399478
-173.08523649195507
-168.52012230243776
-167.82891496429147
-162.97918006643397
-163.40042926244791
-163.97640350670102
-163.73781929629894
-161.773550138521
-160.52713713020972
-157.97550890239714
-155.2769783682533
-153.0403596661581
-152.13793808618863
-153.0296618010173
-151.82788209295626
-153.2182091673789
-158.12511661733615
-153.55760962029595
-149.9241530430782
-146.8687038604935
-144.47658162886387
-148.04798673113203
-147.6251075272641
-150.58760107562824
-152.41234501109057
-148.66760431042513
-144.36754805179962
-142.18549516869163
-141.21436545857011
-140.8415035310559
-142.89101331919255
-144.037552520041
-141.57529936883853
-141.66078140670822
-141.26113452230572
-144.00546645096736
-141.7851384639093
-140.89803015607475
-139.82414834671025
-137.55469944590763
-135.72141747915316
-135.01813243040397
-134.0570444845797
-135.7936218155049
-135.0260045065746
-137.00444423618012
-135.80417758200932
-134.19592692708875
-131.4241713114634
-135.17872103277557
-137.56799777080903
-135.97391790456047
-140.5354828302868
-138.2833538604696
-137.9663526288414
-135.5083714711109
-133.49786918284425
-132.9279970318736
-138.27231720996116
-135.9759781773635
-141.19741948672169
-139.08557431751836
-141.84043985846725
-141.4300134669592
-142.60421265894163
-140.34795989940514
-139.00708230544083
-140.86665736711436
-141.0546579250875
-142.25137844958223
-144.75629574260728
-143.81091799805085
-145.9222629181678
-155.0469271430777
-155.58411151449303
-151.58906482362343
-147.413720934206
-146.60889767815362
-143.9923638174644
-141.95282198841653
-140.33565266911154
-139.35551350896483
-151.21418269842692
-148.9213317365213
-169.98605183233002
-170.6468887223902
-170.1280753990468
-168.08039087510397
-178.75556742259772
-184.17023337724186
-180.68001937460733
-181.83921821213087
-180.94886511940302
-182.81193321223884
-189.0032172195045
-188.5830241863342
-191.42804273515412
-187.50236017104487
-184.53221856078216
-179.52028544713522
-180.7490683203071
-176.44412422108866
-174.37747676782334
-171.2948281617539
-173.07713847204866
-174.45251016372572
-171.42535955390215
-167.739837980668
-164.03544770182793
-171.59332083971825
-171.91772158933514
-169.28265829397503
-170.8856987963365
-174.61255686855628
-170.85580345644289
-166.4844552490563
-171.07538793411294
-168.43086465806616
-165.58501277858218
-164.94991201186724
-169.7529172911552
-170.60774225368587
-178.1912777184647
-184.11980105535682
-197.4326129920354
-215.58665621251325
-232.65145683976243
-227.21236942937668
-221.73962726361407
-222.59524962779722
-223.03953465012938
-216.3771625711216
-210.05453281685428
-206.151260847843
-200.3821851969724
-202.57925408515402
-197.4444988400448
-197.8378289096421
-197.48755917506358
-192.29830562455976
-194.20040728708616
-197.068382849861
-197.42427987886933
-195.53882308613717
-189.26649370096894
-184.5705040789108
-181.83627383417615
-188.14609740412558
-184.23733155987804
-181.88309166628534
-200.61010616630819
-205.67349979632968
-202.21308980854988
-196.80030442003687
-214.99228615483463
-219.85274898554454
-214.52158404641187
-212.09028900362713
-206.6848716634095
-208.4437793636049
-225.9371526017886
-239.56092344568128
-247.26726803894041
-242.39123195660397
-234.50775803920772
-227.39729255685523
-240.99345500344393
-236.91384770323728
-228.93901684104304
-225.04267583058046
-218.0201152807456
-214.05890836390088
-210.81537386206682
-205.30645143034278
-201.6880643445222
-195.64678048385085
-193.0279736548198
-192.7862952355306
-194.59911752139874
-192.2231704701148
-199.2297802419079
-193.45599342739342
-186.1686338217498
-181.4185157924448
-179.29340484489808
-175.43580055420418
-174.80965252095191
-172.7810733696948
-170.21420896751312
-170.80135642946234
-166.0132750436946
-163.91247854107291
-161.45772982860854
-159.870266038892
-169.47805007655845
-173.70936707196495
-177.32680504764704
-175.3871967447882
-171.82396494010092
-176.57452704369487
-172.58005542107315
-179.68525209580878
-188.76413697006024
-184.27828875185662
-180.24159142674523
-191.08709594114052
-192.22187018467207
-189.98855797359175
-192.86924449517625
-192.81708982546567
-211.24806443593772
-208.11318056978143
-216.32638973559452
-209.76680635145883
-203.2407979703713
-210.066350092149
-204.36236908662005
-209.62062694142284
-209.10338932493747
-203.6971859654412
-204.37535480751473
-199.73283351906383
-193.62886350792
-189.33113169744476
-203.89126379559806
-200.89778796786217
-201.56392068979042
-195.830085448403
-190.3202803214988
-187.12106350220887
-185.85379969207634
-181.96257171055174
-181.00481740791864
-178.78452836344348
-173.5774566616369
-170.60280926193866
-168.22664070622233
-167.01304226384897
-163.772259728018
-163.72592414433691
-163.0823686956767
-159.3574265739361
