-500.0
-500.0
-314.0
-154.0
-182.0
-233.0
-285.0
-183.0
-500.0
-500.0
-500.0
-500.0
-500.0
-500.0
-500.0
-238.0
-395.0
-434.0
-170.0
-250.0
-235.0
-404.0
-199.0
-157.0
-339.0
-142.0
-220.0
-155.0
-161.0
-170.0
-225.0
-277.0
-222.0
-269.0
-178.0
-164.0
-187.0
-213.0
-193.0
-326.0
-500.0
-224.0
-500.0
-500.0
-500.0
-500.0
-500.0
-500.0
-500.0
-500.0
-500.0
-500.0
-500.0
-500.0
-500.0
-500.0
-500.0
-500.0
-500.0
-500.0
-500.0
-500.0
-500.0
-500.0
-500.0
-500.0
-500.0
-500.0
-500.0
-500.0
-500.0
-500.0
-500.0
-500.0
-500.0
-500.0
-500.0
-500.0
-500.0
-500.0
-500.0
-500.0
-500.0
-500.0
-500.0
