-500.0
-500.0
-488.84
-468.7496
-451.544624
-438.43194656
-429.22602976639996
-414.452467980416
-419.585319901591
-424.4102007074955
-428.94558866504576
-433.208853345143
-437.2163221444344
-440.9833428157683
-444.5243422468222
-432.1328817120128
-429.904908809292
-430.1506142807345
-414.5415774238904
-404.6690827784569
-394.4889378117495
-395.05960154304455
-383.29602545046185
-369.71826392343417
-367.8751680880281
-354.3226580027464
-346.2632985225816
-334.7875006112267
-324.3602505745531
-315.0986355400799
-309.6927174076751
-307.7311543632146
-302.58728510142174
-300.5720479953364
-293.2177251156162
-285.4646616086792
-279.5567819121584
-275.56337499742887
-270.6095724975831
-273.9329981477281
-287.4970182588644
-283.6871971633325
-296.66596533353254
-308.86600741352055
-320.3340469687093
-331.1140041505867
-341.2471639015515
-350.7723340674584
-359.7259940234109
-368.14243438200623
-376.05388831908584
-383.4906550199407
-390.48121571874424
-397.05234277561954
-403.22920220908236
-409.0354500765374
-414.49332307194516
-419.6237236876284
-424.44630026637066
-428.9795222503884
-433.2407509153651
-437.24630586044316
-441.0115275088165
-444.5508358582875
-447.87778570679023
-451.00511856438277
-453.94481145051975
-456.7081227634885
-459.30563539767917
-461.7472972738184
-464.04245943738925
-466.1999118711459
-468.2279171588771
-470.13424212934444
-471.92618760158376
-473.6106163454887
-475.1939793647594
-476.6823406028738
-478.08140016670137
-479.39651615669925
-480.6327251872973
-481.7947616760594
-482.8870759754958
-483.91385141696605
-484.8790203319481
