-500.0
-500.0
-488.0
-468.14
-453.37159999999994
-435.5293039999999
-423.4975457599999
-411.0476930143999
-398.2048314335359
-397.17254154752374
-402.6221890546723
-400.6048577113919
-406.56856624870835
-409.05445227378584
-414.51118513735867
-401.70051402911713
-407.5984831873701
-406.6625741961279
-412.2628197443602
-406.7270505596985
-408.3034275261166
-413.8052218745496
-408.47690856207663
-402.628294048352
-392.15059640545087
-388.1815606211238
-379.0506669838564
-381.62762696482497
-388.72996934693543
-383.6461711861193
-390.62740091495215
-382.60975686005503
-389.6531714484517
-394.71398116154455
-394.6711422918518
-384.55087375434067
-381.4578213290802
-377.1103520493354
-371.04373092637525
-365.5811070707927
-357.44624064654516
-353.03946620775247
-346.3170982352873
-341.37807234117
-335.1753880006998
-331.2648647206578
-330.5889728374183
-333.0736344671732
-335.1092163991427
-328.14266341519414
-324.65410361028245
-323.3548573936655
-319.85356595004555
-315.2423519930428
-317.50781087346024
-321.7973422210526
-329.1895016877894
-333.55813158652205
-332.6846436913307
-322.9835650698508
-316.5045511656597
-310.8942780957201
-314.26062140997686
-312.32498412537825
-312.30548507785556
-306.6471559731842
-305.7083266147931
-303.6258270179055
-301.0082773968312
-303.4677807530213
-313.09971390784
-324.3137310733696
-324.0549072089674
-318.29161277642936
-315.6941160098436
-326.75246904925297
-337.14732090629775
-346.9184816519199
-343.68337275280464
-338.36237038763636
-337.50062816437816
-345.2105904745154
-341.3579550460445
-335.6964777432818
-331.87468907868487
-337.94220773396376
-336.3256752699259
-338.2261347537303
-331.31256666850646
-332.19381266839605
-342.2621839082923
-351.72645287379476
-352.2228657013671
-343.6894937592851
-341.24812413372797
-350.77323668570426
-348.62684248456196
-342.3492319354882
-342.02827801935894
-340.9465813381974
-329.42978645790555
-339.6039992704312
-330.74775931420527
-323.9228937553529
-314.8075201300317
-319.07906892222985
-310.31432478689607
-303.9954652996823
-307.71573738170133
-303.35279313879926
-306.2116255504713
-301.938928017443
-296.0625923363964
-303.19883679621256
-299.40690658843977
-310.0624921931334
-305.3787426615454
-305.5960181018527
-304.7202570157415
-316.437041594797
-316.11081909910916
-313.2241699531626
-307.0307197559728
-308.64887657061445
-312.50994397637754
-306.5993473377948
-307.0433864975271
-311.9607833076754
-307.6431363092148
-302.7445481306619
-302.33987524282213
-293.1994827282528
-286.9475137645576
-285.33066293868416
-291.37082316236314
-288.1085737726213
-281.862059346264
-277.6103357854882
-273.13371563835886
-270.1856927000573
-268.01455113805383
-263.5136780697706
-260.4228573855844
-260.09748594244934
-259.25163678590235
-264.4565385787482
-257.64914626402333
-253.8301974881819
-254.50038563889098
-255.4303625005575
-255.64454075052402
-267.1858683054926
-268.37471620716303
-260.67223323473326
-258.29189924064923
-256.1143852862103
-258.02752216903764
-259.52587083889534
-259.7943185885616
-274.2066594732479
-287.75425990485303
-300.4890043105618
-300.0996640519281
-312.09368420881236
-323.3680631562836
-316.8659793669065
-311.53402060489213
-311.68197936859855
-307.3210606064826
-307.0617969700936
-309.33808915188797
-320.77780380277466
-312.5111355746082
-304.74046744013174
-312.0760393937238
-310.4514770301004
-311.0843884082944
-304.4793251037967
-296.2905655975689
-294.7131316617147
-304.27034376201186
-316.0141231362911
-318.4132757481137
-313.16847920322687
-312.73837045103323
-311.2540682239712
-322.57882413053295
-317.024094682701
-328.0026490017389
-331.9624900616345
-330.2247406579364
-340.4112562184602
-349.1465808453526
-355.67778599463145
-347.17711883495355
-356.3464917048563
-348.7057022025649
-357.783360070411
-354.97635846618635
-346.3977769582151
-345.7139103407222
-335.2310757202788
-340.43721117706207
-334.4109785064383
-342.666319796052
-350.42634060828885
-341.1607601717915
-336.351114561484
-333.33004768779494
-338.5902448265272
-338.67483013693555
-332.87434032871937
-325.68187990899617
-321.6809671144564
-315.580109087589
-311.58530254233364
-314.3701843897936
-325.507973326406
-328.2374949268216
-338.5432452312123
-348.23065051733954
-344.07681148629916
-337.2322027971212
-345.3182706292939
-338.3991743915363
-336.1552239280441
-341.96591049236144
-345.20795586281974
-335.0554785110505
-325.03214980038746
-321.61022081236416
-314.9136075636223
-326.01879110980497
-329.97766364321666
-324.6390038246236
-316.50066359514614
-315.33062377943736
-312.4307863526711
-323.6849391715108
-321.42384282122015
-327.3384122519469
-337.6981075168301
-330.6962210658202
-322.374447801871
-333.0319809337587
-322.4100620777332
-326.34545835306915
-326.744730851885
-322.6200470007719
-333.26284418072555
-320.827073529882
-320.47744911808905
-325.3088021710037
-313.6502740407435
-305.6912575982989
-307.509782142401
-299.97919521385694
-293.6204435010255
-284.10321689096395
-292.7370238775061
-289.5728024448557
-291.87843429816434
-288.7657282402744
-284.03978454585797
-280.3173974731065
-277.4183536247201
-274.3332524072369
-271.8532572628027
-264.5420618270345
-267.1495381174124
-262.04056583036765
-256.9381318805456
-250.88184396771283
-246.26893332965005
-243.912797329871
-246.19802949007874
-261.426147720674
-265.00057885743354
-269.5605441259875
-264.78691147842824
-263.35969678972253
-258.35811498233915
-254.9766280833988
-248.55803039839483
-245.04454857449113
-247.62187566002166
-251.72456312042036
-255.10108933319512
-269.7950239732034
-264.8873225348112
-267.4740831827225
-281.42563819175916
-288.8400999002536
-282.1296939062384
-288.0619122718641
-284.57819753555225
-289.16350568341915
-301.813695342414
-313.7048736218691
-324.88258120455697
-335.2096263322835
-332.9770487523465
-332.7984258272057
-329.57052027757334
-324.0162890609189
-317.5353117172637
-326.9231930142279
-323.8078014333742
-317.87933334737176
-322.92657334652944
-310.69097894573764
-300.0895202089934
-289.2841489964538
-280.8671000566665
-270.7950740532665
-264.2673696100705
-255.79132743346625
-249.38384778745825
-247.62081692021073
-242.18356790499806
-235.51255383069815
-231.82180060085625
-225.95249256480486
-219.77534301091654
-218.58882243026153
-211.95349308444582
-209.73628349937906
-202.79210648941628
-204.0045801000513
-205.8043052940482
-204.01604697640528
-204.25508415782093
-209.09977910835167
-203.99379236185055
-206.5141648201395
-210.20331493093113
-211.75111603507526
-208.94604907297074
-226.40928612859247
-242.8247289608769
-238.93524522322429
-239.17913050983083
-254.82838267924097
-253.51867971848648
-263.5075589353773
-255.43710539925465
-269.63087907529933
-264.4330263307814
-263.02704475093446
-262.0054220658784
-257.14509674192567
-257.85639093741014
-263.3250074811655
-259.8255070322956
-259.53597661035786
-273.9638180137364
-282.24598893291216
-295.31122959693744
-307.59255582112115
-302.27700247185385
-290.62038232354263
-293.70315938413006
-291.14096982108225
-300.4925116318173
-299.1429609339083
-295.65438327787376
-292.5551202812013
-294.3818130643292
-299.4589042804694
-294.81137002364125
-289.18268782222276
-282.6917265528894
-274.970222959716
-271.852009582133
-270.060889007205
-267.4172356667727
-264.6322015267663
-263.87426943516033
-269.4018132690507
-266.91770447290764
-259.1226422045332
-252.27528367226117
-267.1387666519255
-260.53044065280994
-266.6786142136413
-262.67789736082284
-262.63722351917346
-258.63899010802305
-255.36065070154166
-259.05901165944914
-264.6954709598822
-269.99374270228924
-272.21411814015187
-272.6812710517427
-286.32039478863817
-280.54117110131983
-286.50870083524063
-288.8781787851262
-293.1454880580186
-304.5367587745375
-297.6045532480652
-309.74828005318125
-299.0833832499904
-288.998380254991
-280.4184774396915
-279.97336879331
-273.3149666657114
-266.3960686657687
-258.1523045458226
-265.0431662730732
-260.0005762966888
-274.40054171888744
-287.9365092157542
-290.46031866280896
-303.0326995430404
-314.85073757045797
-310.59969331623046
-321.9637117172566
-321.7858890142212
-332.4787356733679
-325.9100115329658
-335.57541084098784
-335.9608861905285
-345.8032330190968
-349.415039037951
-339.0701366956739
-331.5659284939334
-324.1519727842974
-334.70285441723956
-326.38068315220517
-336.79784216307286
-329.8499716332885
-331.3589733352912
-325.2774349351737
-317.16078883906323
-310.4311415087194
-302.4252730181962
-314.2797566371044
-310.3029712388781
-301.34479296454543
-296.52410538667266
-290.07265906347226
-302.6682995196639
-296.62820154848407
-306.61050945557497
-306.09387888824045
-301.168246154946
-294.37815138564923
-286.85546230251026
-281.2241345643596
-289.430686490498
-290.3648453010681
-283.022954583004
-278.8815773080237
-280.20868266954227
-277.9761617093697
-272.03759200680753
-263.7553364863991
-259.1500162972151
-249.24101531938214
-254.26655440021918
-262.050561136206
-276.3275274680336
-273.78787581995164
-265.5806032707545
-260.44576707450926
-255.19902105003868
-249.18707978703637
-253.37585499981418
-268.1733036998253
-282.08290547783577
-273.31793114916564
-278.99885528021565
-292.2589239634027
-287.5033885255985
-300.25318521406257
-297.77799410121884
-305.4113144551457
-315.04663558783693
-313.54383745256666
-301.57120720541263
-289.65693477308787
-280.4975186867026
-272.0676675655004
-266.36360751157036
-268.0817910608761
-264.83688359722356
-269.0466705813901
-260.52387034650667
-257.49243812571626
-266.88289183817324
-262.1499183278828
-260.70092322820983
-261.67886783451723
-253.6581357644462
-246.29864761857942
-239.80072876146465
-237.89268503577676
-246.17912393363014
-245.14837649761233
-237.33947390775558
-232.5791054732902
-226.3043591448928
-242.72609759619922
-255.28253174042726
-266.4855798360016
-280.4964450458415
-282.806658343091
-280.95825884250553
-282.88076331195515
-293.1479175132378
-305.55904246244353
-297.7854999146969
-290.47836991981507
-303.04966772462615
-300.94668766114853
-295.60988640147957
-291.13329321739076
-289.9852956243473
-285.90617788688644
-283.39180721367325
-284.38829878085284
-296.6650008540016
-296.7451008027615
-286.3203947545958
-280.90117106932
-277.84710080516084
-291.17627475685117
-297.8856982714401
-294.53255637515366
-306.86060299264443
-318.44896681308575
-324.18202880430056
-324.83110707604254
-335.34124065147995
-345.22076621239114
-354.50752023964765
-357.6570690252688
-359.2976448837527
-356.1597861907275
-364.7901990192838
-354.54278707812676
-343.6502198534391
-338.87120666223274
-335.9389342624987
-331.0225982067488
-321.42124231434383
-332.1359677754832
-342.2078097089542
-350.59534112641694
-344.3196206588319
-341.000443419302
-350.54041681414384
-345.5879918052952
-347.7127122969775
-333.56994955915883
-321.5357525856093
-312.92360743047277
-304.22819098464436
-302.3544995255657
-291.4732295540317
-298.4648357807898
-289.2569456339424
-301.9015288959058
-313.78743716215143
-324.96019093242234
-316.202579476477
-317.1504247078884
-312.94139922541507
-313.0049152718901
-318.4046203555767
-329.3003431342421
-319.86232254618756
-312.9105831934163
-315.1359482018113
-305.8277913097026
-299.53812383112046
-299.2058364012532
-291.45348621717795
-282.84627704414726
-282.49550042149843
-276.1057703962085
-273.81942417243596
-267.8302587220898
-268.4404431987644
-274.5940166068385
-269.7583756104282
-274.51287307380244
-273.28210068937426
-281.3051746480118
-294.4268641691311
-306.7612523189832
-318.3555771798442
-322.23424254905353
-332.9001879961103
-339.92617671634366
-346.77060611336304
-355.96436974656126
-360.7665075617676
-352.5005171080615
-341.7304860815778
-332.32665691668313
-331.82705750168213
-333.0374340515812
-342.5151880084863
-330.7842767279771
-329.35722012429846
-318.11578691684053
-313.0088397018301
-310.48830931972026
-304.579010760537
-300.2242701149048
-302.1308139080105
-292.8229650735299
-305.2535871691181
-297.678371938971
-294.8176696226327
-291.4686094452747
-280.3404928785582
-276.7200633058447
-288.316859507494
-287.87784793704435
-300.6051770608217
-312.56886643717235
-316.374734450942
-313.17225038388545
-308.7819153608523
-320.2550004392011
-331.039700412849
-322.99731838807804
-333.6174792847933
-333.8804305277057
-343.84760469604333
-353.2167484142807
-362.0237435094238
-370.30231889885835
-360.74417976492686
-347.9795289790312
-340.48075724028934
-347.651911805872
-347.1927970975196
-343.88122927166836
-341.84835551536827
-351.1574541844461
-338.66800693337933
-331.1879265173765
-326.3166509263339
-318.3176518707539
-322.6785927585086
-311.71787719299806
-322.5348045614181
-327.662716287733
-338.002953310469
-325.9427761118409
-324.74620954513045
-335.2614369724226
-345.1457507540772
-347.59700570883257
-356.7411853663026
-365.3367142443244
-360.6965113896649
-362.21472070628505
-370.48183746390794
-364.2729272160734
-372.41655158310897
-364.17155848812246
-352.10126497883505
-349.39518908010496
-337.67147773529865
-328.9311890711807
-321.1353177269099
-316.0271986632953
-314.4055667434975
-302.5612327388876
-291.12755877455436
-290.0999052480811
-295.9739109331962
-308.2154762772044
-299.38254770057216
-297.1995948385378
-292.9876191482255
-290.888361999332
-290.77506027937204
-286.40855666260967
-291.60404326285305
-289.64780066708187
-295.6689326270569
-301.1487966694335
-291.2398688692675
-296.50547673711145
-288.7351481328847
-284.3710392449116
-283.44877689021683
-281.3218502768038
-273.62253926019554
-277.4251869045838
-286.0396756903088
-275.05729514889026
-270.73385743995686
-265.5298259935594
-259.43803643394585
-254.5517542479091
-253.01864899303453
-249.59753005345243
-264.6216782502453
-260.7443775552306
-253.25971490191674
-252.52413200780174
-257.0526840873336
-251.7095230420936
-259.76695165956795
-252.70093455999387
-254.75887848639422
-259.3333457772106
-260.7533450305779
-254.34814432874325
-258.16725566901863
-257.2572203288775
-256.64178710914484
-250.66327988259613
-247.50348308964035
-240.93327410426193
-236.3772776580062
-245.53464099852582
-246.82256253861428
-242.03320878629742
-240.29121625911955
-255.87374328357237
-249.461318686558
-243.7336395653645
-242.36962119144263
-238.68744391995608
-254.3661972847587
-251.22422544767318
-265.1307719208128
-258.282925605564
-272.7859500692301
-278.97879306507633
-283.1200654811717
-296.1328615523014
-296.6648898591633
-297.0449964676135
-302.92229667955667
-313.72695887878325
-324.90334134605627
-335.4091408652929
-345.2845924133753
-343.34751686857277
-352.7466658564584
-349.52186590507085
-358.5505539507666
-367.0375207137206
-357.31526947089736
-349.91635330264353
-341.76137210448485
-345.13568977821575
-339.3675483915228
-346.54549548803146
-351.19276575874954
-344.1011998132246
-337.3751278244311
-333.0326201549652
-325.47066294566724
-318.96242316892716
-309.1846777787915
-307.973597112064
-319.49518128534015
-330.3254704082197
-331.3859421837265
-327.6427856527029
-337.9842185135407
-347.70516540272826
-356.84285547856456
-353.49228414985066
-349.5627471008596
-355.228982274808
-351.4952433383195
-337.60552873802027
-347.34919701373906
-339.0482451929147
-343.1253504813398
-333.5178294524594
-324.0667596853118
-327.7227541041931
-325.8193888579415
-329.010225526465
-328.82961199487704
-324.4598352751844
-315.2522451586733
-308.5171104491529
-302.6660838222037
-299.26611879287145
-294.39015166529913
-288.4867425653812
-286.8975380114583
-278.0236857307708
-279.8822645869246
-275.02932871170907
-268.18756898900654
-263.67631484966614
-260.03573595868613
-261.05359180116494
-261.950376293095
-266.1533537155093
-264.22415249257875
-276.330703343024
-287.89086114244253
-289.81740947389596
-287.6083649054622
-282.5318630111345
-285.9199512304664
-284.60475415663836
-289.72846890724
-297.4847607728056
-296.91567512643724
-301.180734618851
-309.1498905417199
-299.8408971092167
-293.4304432826637
-304.44461668570386
-301.35793968456164
-299.1764633034879
-311.22587550527857
-322.55232297496184
-319.1591835964641
-330.0096325806763
-330.1290546258357
-329.2813113482855
-325.5444326673883
-332.17176670734506
-340.98146070490435
-337.74257306261006
-329.23801867885345
-339.48373755812224
-349.1147133046349
-345.0878305063568
-354.38256067597536
-353.21960703541686
-348.2864306132918
-344.3092447764943
-342.19069008990465
-329.3992486845104
-333.87529376343974
-339.64277613763335
-346.14420956937533
-355.3755569952128
-360.8130235755
-368.20424216097
-362.55198763131176
-370.79886837343304
-359.71093627102704
-351.9882800947654
-360.80898328907944
-360.4604442917347
-351.3128176342306
-344.33404857617677
-332.97400566160616
-327.6355653219098
-322.9774314025952
-312.11878551843944
-301.671658387333
-295.691358884093
-292.8298773510474
-305.26008470998454
-300.5044796273855
-298.1942108497424
-297.7025581987578
-290.4604047068323
-283.23278042442234
-286.878813598957
-293.6060847830195
-293.14971969603835
-305.560736514276
-317.2270923234194
-318.9534667840142
-329.8162587769733
-340.0272832503549
-339.4256462553336
-349.0601074800136
-358.11650103121275
-352.70951096933993
-360.46694031117954
-366.2589238925088
-374.28338845895826
-364.90638515142075
-350.0320020423355
-339.05008191979533
-348.7070770046076
-357.7846523843311
-347.59757324127116
-336.0417188467949
-333.7592157159872
-340.79366277302796
-330.84604300664625
-324.61528042624747
-335.1383636006726
-345.03006178463227
-332.6682580775543
-327.048162592901
-320.02527283732695
-322.0037564670873
-322.60353107906207
-333.24731921431834
-336.0524800614592
-328.18933125777164
-325.71797138230534
-323.034893099367
-322.492799513405
-328.76323154260064
-339.0374376500446
-334.1151913910419
-327.4482799075794
-332.76138311312457
-322.81570012633705
-317.3667581187568
-310.6847526316314
-322.0436674737335
-332.72104742530945
-342.7577845797909
-345.6523175050034
-337.9331784547032
-347.65718774742095
-338.19775648257564
-343.5258910936211
-345.2943376280038
-333.15667737032356
-328.1672767281041
-324.07724012441787
-317.65260571695273
-315.27344937393553
-305.2970424114994
-301.8592198668094
-304.0876666748008
-296.3424066743127
-290.2018622738539
-283.7697505374227
-282.1035655051773
-280.83735157486666
-282.76711048037464
-278.1610838515522
-272.57141882045903
-286.2171336912315
-285.18410566975757
-277.9730593295721
-274.19467576979775
-269.44299522360984
-269.77641551019326
-264.62983057958166
-264.83204074480676
-263.82211830011835
-255.79279120211123
-249.20522372998454
-249.49291030618545
-245.38333568781434
-240.32033554654546
-237.36111541375274
-230.73944848892756
-226.0750815795919
-223.67057668481638
-228.9703420837274
-222.43212155870373
-226.18619426518148
-219.5750226092706
-218.16052125271435
-216.17088997755147
-209.98063657889836
-206.62179838416446
-202.50449048111457
-198.69422105224768
-199.7325677891128
-216.788613721766
-219.56129689846003
-229.42761908455242
-245.66196193947926
-240.28224422311047
-253.3453095697238
-246.48459099554037
-249.51551553580794
-244.86458460365944
-260.17270952743985
-274.5623469557935
-288.08860613844587
-300.8032897701391
-312.75509238393073
-314.44978684089483
-311.5427996304411
-321.11023165261463
-331.84361775345775
-340.9730006882503
-350.5146206469553
-359.48374340813797
-353.1547188036497
-361.9654356754307
-370.24750953490485
-362.61265896281054
-365.57589942504194
-355.7613454595394
-345.3956647319671
-333.43192484804905
-324.1060093571661
-311.7396487957361
-309.95526986799194
-304.7379536759124
-316.45367645535765
-304.54645586803616
-295.933668515954
-288.07764840499675
-280.27298950069695
-282.6566101306551
-295.6972135228158
-296.55538071144684
-291.96205786876
-282.90433439663434
-277.0300743328363
-280.14826987286614
-273.1793736804941
-280.5486112596644
-293.71569458408453
-294.15275290903946
-288.3235877344971
-280.50417247042725
-293.6739221222016
-293.51348679486944
-305.90267758717727
-299.3085169319466
-299.5900059160298
-290.134605561068
-282.74652922740387
-293.8617374737596
-289.490033225334
-288.62063123181395
-295.7833933579051
-291.35638975643076
-296.6150063710449
-305.51810598878217
-317.1870196294552
-317.05579845168785
-307.9924505445865
-297.3729035119113
-290.9305293011966
-284.09469754312477
-275.68901569053725
-275.587674749105
-266.5524142641587
-263.15926940830917
-256.3097132438106
-252.511130449182
-244.14046262223107
-239.3320348648972
-234.33211277300336
-229.33218600662315
-226.43225484622576
-231.20631955545218
-237.01394038212504
-237.49310395919753
-249.22351772164566
-245.3701066583469
-260.58790025884605
-257.49262624331527
-265.8630686687163
-263.41128454859336
-258.88660747567775
-252.41341102713707
-249.86860636550884
-253.23648998357828
-249.6223005845636
-244.30496254948974
-236.78666479652034
-238.8994649087291
-233.20549701420532
-230.433167193353
-242.10717716175182
-241.6807465320467
-235.7599017401239
-247.65430763571644
-254.09504917757346
-258.82934622691903
-257.5195854533039
-261.7484103261056
-263.6835057065393
-255.5424953641469
-270.20994564229807
-269.83734890376013
-279.3871079695345
-292.6238814913624
-290.06644860188067
-282.08246168576784
-278.77751398462175
-274.8308631455444
-288.34101135681175
-280.70055067540306
-284.61851763487886
-277.8614065767861
-269.64972218217895
-268.1107388512482
-269.7840945201733
-272.2570488489629
-279.7416259180251
-273.51712836294354
-273.2461006611669
-271.9713346214969
-272.6330545442071
-279.19507127155464
-274.62336699526134
-271.70596497554567
-273.8836070770129
-274.19059065239213
-268.7791552132486
-274.19240590045365
-271.4208615464264
-283.5156098536408
-296.50467326242233
-308.714392866677
-314.73152929467636
-308.2676375369958
-299.011579284776
-306.93088452768944
-313.83503145602805
-316.66492956866637
-322.2650337945464
-312.88913176687356
-312.05578386086114
-315.4724368292094
-305.0040906194568
-296.0638451822894
-298.700014471352
-304.41801360307085
-293.9529327868866
-295.69575681967336
-285.574011410493
-283.8595707258634
-290.1679964823116
-302.75791669337286
-293.8324416917705
-293.6624951902642
-289.9627454788484
-288.2849807501175
-280.7078819051104
-273.2854089908038
-265.88828445135556
-263.85498738427424
-261.82368814121776
-269.9942668527447
-265.91461084158
-259.31973419108516
-273.28055013962006
-263.96371713124284
-260.60589410336826
-255.04954045716616
-252.94656802973617
-245.449773947952
-243.14278751107486
-245.47422026041033
-257.9257670447857
-250.01022102209853
-245.02960776077262
-260.32783129512626
-274.70816141741864
-271.24567173237347
-267.69093142843104
-263.8094755427252
-264.6009070101616
-257.4248525895519
-249.29936143417876
-243.34139974812803
-245.42091576324034
-239.5156608174459
-234.38472116839915
-231.1216378982952
-230.2743396243975
-233.43787924693362
-242.7716064921176
-258.2053101025905
-272.65299149643505
-277.2938120066489
-290.65618328625
-303.216812289075
-315.02380355173045
-324.6223753386266
-318.105032818309
-308.9787308492104
-320.4400069982578
-331.2136065783623
-328.6207901836606
-320.60354277264094
-331.3673302062825
-341.48529039390553
-350.9961729702712
-337.7964025920549
-329.5886184365316
-318.5733013303397
-312.2989032505193
-308.0809690554881
-314.1361109121588
-301.6479442574293
-303.1090676019835
-314.92252354586446
-303.04717213311255
-296.0243418051258
-307.72288129681823
-303.11950841900915
-301.8523379138686
-310.0811976390365
-311.8163257806942
-323.1073462338526
-333.7209054598214
-343.69765113223207
-347.0157920642981
-351.3948445404402
-346.09115386801375
-345.7256846359329
-354.9821435577769
-363.08321494431027
-357.7382220476516
-350.3739287247925
-357.13149300130493
-347.0436034212266
-346.140987215953
-355.3725279829958
-346.230176304016
-337.8163657257751
-326.48738378222856
-321.2981407552948
-332.0202523099771
-342.0990371713784
-342.7530949410957
-352.18790924462996
-361.05663468995215
-349.953236608555
-341.67604241204174
-332.7554798673192
-324.61015107528004
-311.79354201076325
-300.82592949011746
-299.7563737207104
-293.8309912974678
-288.2611318196197
-285.12546391044253
-275.93793607581597
-272.52165991126697
-286.1703603165909
-299.00013869759545
-301.52013037573965
-295.54892255319527
-285.97598720000354
-284.8374279680033
-291.267182289923
-282.4311513525276
-273.0452822713759
-268.96256533509336
-282.8248114149877
-278.2153227300885
-289.3624033662831
-291.92065916430613
-285.9854196144477
-283.04629443758085
-285.863516771326
-279.75170576504644
-269.9266034191436
-263.15100721399494
-258.0419467811552
-256.4194299742859
-247.75426417582872
-240.50900832527898
-235.25846782576224
-227.7429597562165
-221.99838217084348
-216.29847924059285
-210.58057048615726
-214.4457362569878
-211.41899208156852
-206.8338525566744
-207.80382140327393
-205.7755921190775
-204.28905659193282
-208.41171319641683
-205.3270104046318
-209.5673897803539
-207.85334639353266
-201.80214560992067
-197.9140168733254
-194.85917586092586
-192.8276253092703
-192.53796779071408
-190.16568972327124
-185.71574833987498
-181.89280343948246
-180.09923523311352
-180.6332811191267
-176.6952842519791
-186.31356719686033
-184.3747531650487
-179.67226797514576
-179.69193189663702
-179.7104159828388
-177.86779102386848
-191.55572356243636
-192.06238014869015
-200.27863733976875
-197.44191909938263
-196.63540395341965
-197.31727971621444
-195.97824293324157
-195.67954835724709
-191.73877545581226
-192.53444892846352
-190.3423819927557
-185.52183907319034
-188.4305287287989
-188.88469700507093
-192.97161518476665
-191.11331827368065
-189.3065191772598
-188.3281280266242
-187.82844034502673
-194.1987339243251
-193.10680988886557
-194.30040129553362
-194.28237721780158
-192.10543458473347
-197.13910850964945
-193.65076199907048
-200.87171627912625
-216.95941330237866
-219.90184850423594
-226.50773759398177
-239.37727333834286
-242.5346369380423
-242.02255872175974
-251.98120519845412
-250.30233288654685
-246.62419291335402
-238.1267413385528
-233.5591368582396
-229.0855886467452
-230.40045332794048
-226.41642612826405
-242.83144056056818
-244.58155412693407
-253.54666087931798
-246.7938612265589
-249.14622955296537
-264.19745577978745
-259.5656084330002
-261.3316719270202
-275.651771611399
-271.11266531471506
-266.18590539583215
-268.0347510720822
-277.93266600775723
-288.2567060472918
-289.6213036844543
-302.244025463387
-314.10938393558376
-310.80282089944876
-304.9946516454818
-307.27497254675285
-307.85847419394764
-319.3869657423108
-309.22374779777215
-318.33032292990583
-309.37050355411145
-307.66827334086474
-305.0481769404128
-316.745286323988
-318.3805691445487
-306.7177349958758
-297.61467089612324
-294.8777906423558
-291.22512320381446
-288.09161581158554
-276.3261188628904
-269.40655173111696
-259.84215862724994
-254.63162910961492
-245.713731363038
-241.7709074812557
-233.68465303238034
-226.5035738504375
-219.69335941941125
-216.41175785424656
-214.40705238299174
-210.00262924001223
-203.10247148561146
-200.51632319647476
-195.44534380468627
-193.19862317640508
-192.46670578582075
-187.9987034386715
-185.9587812323512
-188.0012543584101
-192.6211790969055
-195.34390835109116
-194.12327385002567
-200.77587741902414
-209.7893247738827
-220.1819652874497
-236.9710473702027
-252.75278452799054
-266.6276174563111
-265.50996040893244
-260.1993627843965
-264.5074010173327
-259.7369569562927
-259.57273953891513
-273.9983751665802
-280.95847265658534
-272.7409642971902
-270.2965064393588
-268.35871605299724
-264.9171930898174
-261.56216150442833
-275.8684318141626
-274.7363259053128
-288.25214635099405
-300.9570175699344
-312.8995965157383
-324.12562072479403
-313.61808348130637
-312.20099847242795
-307.08893856408224
-302.2236022502373
-291.11018611522303
-280.9035749483096
-271.729360451411
-267.18559882432635
-264.65446289486675
-274.03519512117475
-279.85308341390424
-288.92189840906997
-283.8865845045258
-287.2533894342542
-282.31818606819894
-278.879094904107
-270.84634920986053
-265.2155682572689
-257.22263416183273
-254.32927611212276
-248.00951954539536
-242.12894837267163
-241.4612114703113
-240.9535387820926
-239.21632645516704
-240.043346867857
-234.16074605578558
-241.41110129243845
-256.92643521489214
-268.8108491019986
-258.8621981558787
-255.81046626652594
-250.00183829053435
-248.68172799310227
-240.4808243135161
-237.15197485470512
-236.2428563634228
-230.2882849816174
-225.89098788272034
-223.4975286097571
-222.50767689317163
-216.65721627958132
-215.77778330280643
-211.05111630463801
-212.12804932635973
-209.24036636677815
-220.44594438477145
-218.37918772168516
-213.13643645838403
-223.50825027088098
-236.3177552546281
-237.3786899393504
-236.93596854298937
-232.01981043041002
-230.39862180458542
-234.45470449631028
-229.56742222653168
-232.11337689293975
-227.72657427936335
-226.00297982260153
-224.0828010332454
-232.47783297125068
-227.4691629929756
-220.48101321339706
-214.81215242059324
-208.40342327535762
-208.37921787883616
-208.35646480610598
-214.03507691773962
-213.85297230267523
-218.5417939645147
-220.2492863266438
-217.7743291470452
-217.30786939822246
-220.4693972343291
-237.24123340026935
-253.0067593962532
-247.36635383247798
-242.7843726025293
-250.4773102463775
-263.5886716315948
-269.9733513336991
-268.05495025367713
-261.6316532384565
-256.2537540441491
-262.17852880150014
-255.5078170734101
-248.75734804900551
-243.01190716606519
-240.31119273610125
-235.55252117193515
-235.03936990161904
-229.27700770752188
-221.04038724507055
-226.6179640103663
-235.58088616974433
-227.62603299955967
-229.08847101958608
-222.4231627584109
-218.31777299290624
-212.83870661333185
-217.34838421653194
-216.30748116354002
-212.3890322937276
-209.30569035610395
-204.48734893473772
-200.91810799865343
-196.8430215187342
-193.19244022761012
-194.92089381395348
-194.98564018511627
-194.7465017740093
-196.74171166756872
-199.57720896751457
-215.74257642946367
-215.27802184369583
-220.30134053307407
-224.72326010108964
-221.01986449502425
-224.3186726253228
-220.75955226780343
-220.2939791317352
-220.57634038383108
-224.3817599608012
-217.5788543631531
-211.90412310136392
-207.94987571528208
-207.47288317236513
-204.74451018202322
-202.41983957110182
-201.1346491968357
-200.52657024502557
-200.134976030324
-204.80687746850455
-207.63846482039426
-210.90015693117059
-210.00614751530034
-207.8457786643823
-212.47503194451934
-215.32653002784818
-211.82693822617728
-208.8373219326066
-208.9070826166502
-204.29265765965116
-200.37509820007207
-196.45259230806772
-192.34543676958364
-190.9447105634086
-189.62802792960406
-189.9503462538278
-190.13332547859812
-188.86532594988222
-187.13340639288927
-191.92540200931592
-190.06987788875693
-195.58568521543148
-199.33054410250557
-213.2307114563552
-227.79686876897387
-223.90905664283542
-225.95451324426529
-242.39724244960937
-257.8534079026328
-254.7422034284748
-252.2976712227663
-244.7198109494003
-243.59662229243628
-243.0808249548901
-241.75597545759666
-238.65061693014084
-233.75157991433235
-230.64648511947237
-234.027696012304
-239.90603425156573
-232.83167219647177
-240.52177186468344
-242.71046555280242
-242.00783761963424
-235.8273673624562
-234.3377253207088
-232.39746180146628
-244.7936140933783
-242.52599724777556
-241.894437412909
-235.72077116813446
-233.4575248980464
-232.4100734041636
-241.32546899991377
-244.30594085991893
-249.08758440832378
-258.2623293438243
-272.76658958319484
-267.26059420820314
-275.76495855571096
-272.3590610423683
-264.9575173798262
-261.8400663370366
-258.00966235681443
-272.5290826154055
-269.07733765848116
-260.25269739897226
-260.4775355550339
-256.1888834217319
-248.73755041642792
-254.39329739144222
-245.54969954795567
-243.11671757507833
-238.6697145205736
-239.64953164933917
-247.6505597503788
-245.75152616535607
-244.38643459543468
-247.6632485197086
-241.02345360852607
-232.1420463920145
-227.0335236084936
-221.39151219198396
-213.68802146046494
-208.78674017283703
-208.73953576246677
-205.51516361671878
-209.20425379971564
-204.3919985717327
-200.82847865742872
-200.778769937983
-199.892043741704
-196.17852111720174
-191.12780985016963
-187.94014125915945
-189.92373278360986
-192.86830881659327
-190.53621028759767
-190.4440376703418
-209.01739541012128
-210.456351685514
-207.12897058438315
-205.02123234932014
-199.25995840836092
-204.22436090385924
-208.17089924962767
-210.02064529465
-211.81940657697098
-208.71024218235272
-209.02762765141154
-216.46596999232682
-223.1580117927872
-218.64853108521996
-212.90961922010675
-213.03504206690033
-214.77293954288632
-212.14656317031313
-209.91776938009434
-215.98270321728867
-217.18374102425133
-212.49271656279623
-211.20315356902844
-211.13096435488671
-220.1831064935935
-216.9921201039779
-212.19259289773922
-213.44103732387484
-227.33457508444232
-224.79450057937575
-224.9868305446132
-220.9676207119364
-220.8495634692202
-218.33858966106698
-215.13827428140294
-213.38997782451875
-212.64657915504762
-229.88778440574475
-231.63451734140006
-247.73644630091604
-248.23225952286106
-263.3383239514894
-277.53802451440004
-290.885743043536
-290.7125984609238
-285.86984255326837
-277.95765200007224
-271.6001928800679
-265.3841813072638
-260.261130428828
-254.7254626030983
-256.0019348469124
-248.26181875609763
-250.58610963073176
-246.41094305288783
-253.04628646971454
-267.86350928153166
-281.7916987246398
-294.8841968011614
-307.1911449930917
-302.9196762935062
-314.7444957158958
-325.8598259729421
-319.74823641456555
-308.3633422296916
-300.6615416959101
-289.70184919415544
-298.2397382425061
-293.78535394795574
-283.53823271107836
-273.84593874841363
-278.2351824235088
-275.52107147809824
-281.7298071894123
-280.12601875804756
-271.95845763256466
-268.06095017461075
-262.5972931641341
-254.34145557428604
-252.22096823982886
-267.08771014543913
-259.34244753671277
-252.48190068450998
-247.17298664343937
-243.862607444833
-238.53085099814302
-233.21899993825443
-249.22585994195916
-252.03230834544158
-258.15036984471504
-258.62134765403215
-252.7040667947902
-245.10182278710278
-238.55571341987658
-236.96237061468398
-232.76462837780292
-226.89875067513472
-225.46482563462664
-222.37693609654903
-223.85431993075608
-221.0430607349107
-215.70047709081604
-222.19844846536705
-238.686541557445
-237.86534906399828
-253.59342812015836
-254.99782243294885
-266.7579530869719
-262.3324759017536
-263.09252734764834
-275.80697570678944
-289.25855716438207
-282.94304373451916
-275.266461110448
-285.0904734438211
-285.26504503719184
-290.16914233496027
-283.19899379486264
-280.6070541671709
-276.1306309171406
-276.0627930621121
-268.49902547838536
-282.38908394968223
-277.5057389127013
-268.7153945779392
-282.59247090326284
-290.0569226490671
-286.39350729012307
-281.74989685271566
-278.0449030415527
-291.36220885905954
-303.88047632751596
-306.407647747865
-297.6831888829931
-290.9821975500135
-281.92326569701265
-273.9478697551919
-277.1909975698804
-290.55953771568755
-290.0459654527463
-285.3632075255815
-278.5614150740466
-273.0077301696038
-266.76726635942754
-280.76123037786186
-274.8955565551902
-288.4018231618788
-301.09771377216606
-313.0318509458361
-307.5699398890859
-299.73574349574073
-291.4715988859963
-288.9833029528365
-282.5043047756663
-282.1140464891263
-275.2072036997787
-271.53477147779194
-265.3226851891244
-279.4033240777769
-273.13912463311027
-267.79077715512364
-261.0833305258162
-254.47833069426724
-247.18963085261117
-242.6182530014545
-239.5811578213672
-238.40628835208517
-243.12191105096005
-238.49459638790245
-232.70492060462828
-240.28262536835058
-253.2256678462495
-268.0321277754745
-281.95020010894604
-295.03318810240927
-287.2311968162647
-299.9973250072888
-300.23748550685144
-312.22323637644035
-309.14984219385394
-320.6008516622227
-322.3048005624893
-323.18651252873985
-315.0153217770154
-326.11440247039445
-336.5475383221708
-338.67468602284055
-348.3542048614701
-340.23295256978184
-332.17897541559495
-320.52823689065923
-316.35654267721964
-305.9551501165864
-298.9378411095912
-302.0615706430157
-292.57787640443473
-285.76320382016866
-280.1374115909585
-293.329166895501
-298.7694168817709
-297.88325186886465
-310.01025675673276
-303.5296413513288
-302.837862870249
-299.54759109803405
-294.774735632152
-307.08825149422285
-295.86295640456945
-286.1511790202953
-298.9821082790775
-307.2631817823328
-302.14739087539283
-295.17854742286926
-300.0878345774971
-312.0825645028473
-323.3576106326764
-333.9561539947158
-342.47878475503285
-339.5100576697308
-325.9194542095469
-320.3442869569741
-315.8236297395556
-313.07421195518225
-317.0897592378713
-328.064373683599
-318.76051126258307
-307.01488058682804
-302.27398775161834
-309.7575484865212
-305.3920955773299
-317.06856984269007
-328.04445565212865
-335.4817883130009
-326.9328810142208
-322.97690815336756
-321.2382936641655
-311.50399604431556
-314.53375628165657
-325.6617309047572
-315.36202705047174
-310.42030542744345
-299.2950871017968
-311.337381875689
-322.65713896314764
-333.2977106253588
-326.6198479878372
-337.02265710856693
-346.8012976820529
-355.9932198211297
-364.6336266318619
-372.7556090339502
-380.39027249191315
-387.56685614239836
-393.4728447738545
-399.8644740874232
-405.8726056421778
-395.9802493036471
-392.6214343454282
-397.98414828470254
-386.5850993876204
-393.3899934243632
-399.7865938189014
-386.4793981897673
-377.5106342983812
-375.4399962404783
-362.5135964660496
-361.10278067808656
-349.93661383740135
-335.9004170071572
-325.1063919867278
-320.4200084675241
-316.7348079594727
-313.8107194819043
-305.24207631299004
-301.4475517342106
-298.24069863015796
-289.5862567123485
-281.33108130960755
-273.33121643103107
-286.9313434451692
-283.335462838459
-279.3553350681515
-272.85401496406234
-272.8027740662186
-269.7546076222455
-265.56933116491075
-279.6351712950161
-274.01706101731514
-268.61603735627625
-264.55907511489966
-260.80553060800565
-257.27719877152526
-262.54056684523374
-276.78813283451973
-280.16084486444856
-293.35119417258164
-288.8901225222267
-284.45671517089306
-282.2093122606395
-295.2767535250011
-307.56014831350103
-308.90653941469094
-320.3721470498095
-314.5898182268209
-309.87442913321166
-305.44196338521897
-303.7954455821058
-315.56771884717944
-326.63365571634864
-323.7756363733677
-314.54909819096565
-323.3361522995077
-318.0959831615373
-310.83022417184503
-317.6204107215343
-320.7631860782422
-311.65739491354765
-313.41795121873474
-312.13287414561063
-321.18490169687396
-322.55380759506147
-328.34057913935777
-317.4601443909963
-323.25253572753644
-313.5173835838843
-302.86634056885123
-296.2143601347201
-285.82149852663684
-282.77220861503866
-275.7058760981363
-289.1635235322481
-281.5337121203132
-277.6016893930944
-267.60558802950874
-266.4292527477382
-266.22349758287385
-257.9300877279014
-256.9742824642273
-248.63582551637367
-241.57767598539124
-243.82301542626777
-241.4936345006917
-246.9240164306502
-242.30857544481117
-241.15006091812248
-254.58105726303512
-254.966193827253
-250.6482221976178
-250.4293288657607
-249.32356913381503
-242.16415498578613
-238.43430568663896
-232.34824734544063
-232.08735250471418
-229.2021113544313
-245.44998467316543
-252.9829855927755
-267.80400645720897
-266.73576606977645
-268.43162010558984
-265.8857228992544
-257.37257952529916
-252.4302247537812
-255.64441126855434
-270.3057465924411
-278.3274017968946
-291.6277576890809
-288.83009222773603
-301.50028669407186
-293.4902694924275
-291.1208533228818
-288.2336021235089
-279.87958599609834
-277.4868108363324
-274.93760218615245
-271.16134605498326
-266.47166529168425
-272.0833653741832
-284.6183634517322
-285.48126164462826
-282.1523859459506
-274.46324278919354
-287.9954482218419
-297.4157213285314
-291.03077804881946
-282.08893136589023
-273.02359548393684
-265.6421797549006
-255.76364896960655
-248.93783003143017
-252.60156022954433
-247.10546661577166
-241.03913861882535
-233.3567903016958
-225.95538288359404
-222.2380599105784
-216.34377631594367
-216.14314973698703
-210.4345607527678
-208.3684871076017
-217.58637788114558
-219.29119520827683
-216.5737234957802
-216.3593000860334
-212.55774208087138
-209.1642775560191
-207.71442090265793
-205.45155564849844
-207.8844623095885
-203.1513945710132
-201.1623108967524
-198.15257224294723
-201.32341790837037
-201.90401283386814
-207.06977206383604
-211.02558574000585
-206.1640505956055
-203.63420755986914
-201.856155106277
-200.00478579990036
-197.24449865190633
-201.48982873279192
-196.6604390088244
-196.26081266829493
-213.52516390819721
-224.11365407370536
-240.66683482928303
-240.50682473952605
-238.91641525515448
-245.34143033984518
-239.32094451945443
-239.96168784828714
-234.0239865773899
-231.6225473827465
-227.50519453978168
-227.17488286739476
-235.26438989535106
-239.26852650163
-236.13241491153218
-236.60447001684022
-236.2682018158298
-235.41210970688
-228.72738312446717
-227.36374013699913
-225.00191572877918
-220.4418007850524
-215.91529273794924
-215.14037517367228
-216.09195266325196
-217.40643550345683
-214.26204937324943
-210.10632641085445
-204.03994682620316
-209.43755001663095
-210.37129701563308
-216.28901919469507
-215.49167804301337
-211.50217736043254
-206.4920467188066
-206.76252391567817
-211.1567724807375
-209.4073661318932
-212.8629241639796
-209.27114871414082
-209.37487979129236
-217.63238700381478
-222.0944437835859
-218.30877715657073
-213.55025052717647
-208.11723549554586
-213.39020136581308
-209.76678928386428
-209.06078192683242
-206.35713501122245
-205.0757069105491
-207.59116449591613
-205.33569462616114
-202.85555294859148
-205.02421977167597
-202.1427665853754
-206.93420059025286
-214.61814855483766
-231.7410596415474
-232.83659606305454
-237.22640029927123
-233.61281628131496
-229.67604730443605
-226.09548446616986
-220.20975539819966
-218.63717007430765
-213.61893986984916
-207.8818034776582
-210.5288952689987
-213.67716155285876
-211.65653185968725
-209.397139948106
-206.43331155121962
-207.90731285814644
-206.77287408665765
-207.68650164145816
-201.82531154297067
-199.1957928503924
-198.34404527936883
-196.76340256260667
-201.81759840885024
-199.66854250431922
-217.68842995406007
-231.50712415681645
-237.35669670740745
-230.25529490496297
-226.33997721066518
-230.81957857802527
-229.39040386334372
-241.8469796315431
-257.3361608536505
-271.89599120243145
-285.58223173028557
-277.3272978264684
-283.96765995688025
-296.92960035946743
-288.41382433789937
-291.68899487762536
-292.3676551849678
-302.00559587386977
-293.1852601214376
-288.4941445141513
-292.90449584330224
-284.6902260927041
-288.1288125271418
-279.72108377551325
-271.27781874898244
-273.6611496240435
-264.2014806466009
-260.4693918078048
-253.6012282993365
-246.30515460137627
-239.2068453252937
-231.39443460577607
-236.4107685294295
-232.24612241766374
-230.6113550726039
-225.9546737682477
-223.6773933421528
-227.9567497416236
-244.27934475712618
-246.7825840716986
-261.9756290273967
-259.5770912857529
-253.3024658086077
-251.18431786009126
-247.81325878848577
-245.00446326117662
-252.744195465506
-246.21954373757563
-240.7463711133211
-236.38158884652182
-252.1986935157305
-252.78677190478666
-250.39956559049946
-246.8355916550695
-243.54545615576532
-238.1727287864194
-233.84236505923425
-232.83182315568018
-229.06191376633936
-225.818198940359
-225.10910700393745
-228.8825605837012
-226.54960694867913
-224.35663053175838
-222.11523269985287
-220.8483187378617
-232.01741961358996
-231.83637443677458
-243.30619197056808
-240.04782045233398
-236.5649512251939
-246.07105415168226
-241.74679090258132
-255.56198344842642
-270.2282644415208
-268.89456857502955
-263.6208944605278
-263.1636407928961
-261.7738223453223
-253.38739300460293
-251.80414942432674
-251.75590045886713
-249.9705464313351
-244.092313645455
-239.94677482672768
-239.40996833712398
-234.64537023689653
-228.66664802268272
-221.54664914132175
-227.75385019284244
-224.34861918127186
-231.40770203039554
-226.9432399085718
-228.6266455140575
-228.28904678321402
-227.67170397622118
-220.3714017376479
-219.44911763338902
-215.40217057538567
-210.03804034086252
-205.29575792041078
-203.35801244518612
-199.97653169847493
-197.03793979656643
-198.77566340877243
-195.18912360424608
-192.71777618799132
-189.49470961671184
-186.64502703970913
-187.08632541732655
-186.42114589228694
-185.07587713874972
-191.97132451042472
-188.91304503979924
-187.83826233741127
-184.42796659716657
-187.76228860133656
-193.89655128525638
-193.842758208141
-204.4721927156525
-205.76386115271336
-212.43802948355057
-211.15174771453752
-215.76264285166525
-212.89688428056533
-208.94307122373138
-207.62648695030748
-204.708897733289
-200.28636386929168
-196.06918203713417
-194.98503111490612
-199.36592924801175
-198.02397349313105
-195.68253508354317
-194.26158297853056
-189.68588799981873
-193.60473471982962
-207.06845063663985
-210.54434359844146
-208.23168298253495
-205.45778200358285
-216.89031508336785
-215.15689617836577
-223.30748240766383
-224.489033463204
-241.01969145541176
-256.55850996808704
-271.1649993700018
-271.0950994078017
-284.8293934433336
-281.5996298367336
-278.32365204652956
-270.6842329237378
-281.5031789483135
-276.7329882114147
-274.04900891872984
-276.80606838360603
-275.8577042805897
-286.0662420237543
-278.50226750232906
-272.59213145218934
-286.236603565058
-279.9224073511545
-293.1270629100852
-287.2394391354801
-283.26507278735124
-274.30916842011015
-287.85061831490356
-284.07958121600933
-275.13480634304875
-267.6867179624658
-259.6655148847179
-261.9055839916348
-266.65124895213665
-268.17217401500847
-272.3618435741079
-265.38013295966147
-263.55732498208175
-263.40388548315684
-260.4396523541674
-257.2932732129173
-271.85567682014226
-266.8243362109337
-267.97487603827767
-269.596383475981
-261.7606004674221
-265.37496443937675
-267.0924665730141
-262.58691857863323
-254.03170346391522
-246.9498012560803
-243.71281318071547
-249.49004438987254
-242.80064172648017
-238.01260322289136
-232.85184702951787
-230.8807362077468
-228.42789203528199
-228.52221851316506
-234.43088540237514
-231.10503227823264
-223.5387303415387
-217.68640652104637
-217.10522212978356
-219.07890880199653
-216.0741742738767
-217.5697238174441
-234.51554038839745
-243.36460796509357
-247.90273148718796
-247.96856759795668
-242.09045354207927
-244.90502632955452
-239.87072474978123
-237.71848126479435
-234.01537238890668
-231.55445004557228
-228.16118304283793
-226.77151206026767
-243.1652213366516
-249.27530805645247
-255.7387895730653
-254.07446219868137
-268.82999446676047
-268.96019479875486
-282.82258311082956
-278.69322812417977
-279.85163443672894
-279.8605363705252
-293.0689041882937
-305.48476993699603
-297.2956837407762
-294.3379427163296
-287.83766615334986
-279.62740618414887
-279.1697618130999
-273.75957610431385
-264.414001538055
-256.5291614457717
-251.8774117590254
-263.70476705348386
-261.08248103027483
-256.69753216845834
-257.0756802383508
-253.65113942404975
-263.8720710586067
-262.9797467950903
-255.24096198738488
-269.9265042681418
-283.07091401205327
-283.48665917133
-286.27745962105024
-279.9008120437872
-293.10676332116
-287.1003575218903
-279.71433607057685
-280.0914759063422
-293.2859873519617
-305.688828110844
-317.1074984241933
-321.1810485187417
-315.8301856076172
-305.6403744711601
-306.08195200289043
-303.377034882717
-294.65441278975396
-292.03514802236873
-287.23303914102655
-279.9590567925649
-279.601513385011
-277.1054225819103
-273.0190972269957
-262.63795139337594
-254.85967430977337
-251.56809385118694
-248.5340082201157
-247.42196772690878
-256.1566496632942
-258.18725068349653
-253.9160156424867
-249.0610547039375
-243.77739142170122
-242.77074793639915
-235.2245030602152
-232.93103287660227
-226.27517090400613
-231.71866064976575
-231.13554101077978
-227.887408550133
-231.97416403712498
-237.55571419489746
-243.9423713432036
-257.7458290626114
-255.1810793188547
-257.81021455972336
-259.44160168613996
-255.69510558497154
-252.53339924987324
-258.3813952948808
-264.83851157718794
-278.94820088255665
-273.91130882960323
-269.116630299827
-261.30963248183735
-257.0910545329271
-253.30559126095145
-249.92725578529434
-244.83162043817666
-240.04172321188605
-238.95921981917286
-232.06166663002247
-230.01796663222112
-226.53688863428783
-224.22467531623056
-217.37119479725672
-215.00892310942132
-213.20838772285603
-212.83588445948465
-214.82573139191555
-211.65618750840062
-209.45681625789658
-226.88940728242278
-223.35604284547742
-222.79468027474877
-219.98699945826382
-221.18777949076798
-225.13651272132188
-220.80832195804257
-221.53982264056
-219.16743328212638
-223.77738728519878
-240.35074404808685
-233.78969940520165
-232.96231744088954
-242.26457839443614
-256.04870369076997
-258.74578146932373
-262.9010345811643
-255.22697250629443
-256.41335415591675
-251.64855290656175
-253.94963973216804
-255.09266134823793
-251.24710166734366
-248.11227556730302
-249.54553903326482
-249.3928066912689
-244.62923828979274
-239.37148399240516
-246.36919495286082
-247.18704325568916
-240.8158206603478
-235.66687142072695
-246.54685913548332
-242.1340475873543
-243.50600473211304
-247.73564444818624
-249.19150578129504
-247.08001543441733
-241.19521450835228
-247.84350163785115
-241.61289153958006
-239.05611804720525
-237.85275096437292
-242.84158590651052
-237.45109075211988
-243.72402530699267
-243.4405837885731
-255.2341487612587
-250.66009983558317
-250.86049384544816
-256.08886421472124
-259.92353236183794
-267.30812042012764
-278.92963319492
-280.13385520322475
-276.88582389103124
-269.51267445756935
-261.9819139901152
-256.82299915070826
-254.37361920166575
-246.49120204956577
-248.50172992659182
-243.6116261309963
-242.4949285631365
-239.7652328493483
-233.89931887838742
-229.28535974568416
-222.72823816094308
-224.24454387128648
-226.50987123900927
-228.93927896466872
-228.7629222267886
-225.29714689318126
-234.15931807959038
-241.52975899481493
-251.457973455126
-248.8504950478184
-252.6994653449493
-249.4174974242523
-244.11244757879714
-245.0657007240693
-242.48175868062515
-241.37285315978764
-242.91048197020038
-239.01585305198836
-236.67490186886906
-233.1544077567369
-246.70514329133266
-242.7628346938527
-250.27706461222152
-244.44044073548824
-243.03401429135891
-250.47197343387737
-245.6436550278447
-248.66503572617398
-263.74513358260356
-264.0604255676473
-263.5168000335885
-262.1057920315732
-261.43944450967876
-253.133077839098
-249.88509316875212
-246.23198757862698
-239.73806832390935
-238.73378422447476
-238.38975717100624
-235.66637174074586
-230.34638943630108
-231.045606070123
-232.54286970591562
-227.2302975235607
-226.55647967214705
-224.9630908918182
-231.3853054383091
-226.08218711201056
-238.4372558852899
-235.05102053217246
-228.9879593002421
-223.22868174222754
-217.15496083769386
-228.00566318743222
-226.26532339618626
-220.84940399241506
-217.31843975287015
-213.39933336769792
-214.99537336563603
-216.73565096369785
-212.49151190587597
-211.9220211915234
-206.586699920032
-224.19149792483006
-224.00000804934024
-224.72000756637982
-222.27680711239702
-218.6601986856532
-223.780586764514
-217.91375155864316
-227.09892646512455
-227.33299087721707
-224.13301142458403
-221.06503073910898
-231.50112889476242
-232.49106116107666
-226.22159749141204
-219.66830164192731
-215.30820354341165
-218.34971133080694
-217.00872865095852
-215.08820493190098
-219.16291263598688
-218.19313787782767
-214.341549605158
-223.50105662884852
-224.4909932311176
-220.20153363725055
-221.0294416190155
-219.94767512187457
-223.43081461456208
-222.38496573768833
-229.68186779342705
-224.7809557258214
-223.3540983822721
-222.37285247933576
-215.87048133057561
-214.73825245074107
-218.1139573036966
-223.2071198654748
-219.7146926735463
-219.9718111131335
-216.01350244634548
-219.19269229956473
-215.40113076159082
-221.97706291589537
-225.57843914094164
-219.84373279248513
-214.57310882493599
-213.6387222954398
-211.9803989577134
-211.26157502025058
-214.90588051903552
-211.37152768789338
-206.78923602661976
-204.22188186502257
-198.6885689531212
-200.3272548159339
-200.00761952697786
-196.2871623553592
-197.40993261403764
-192.94533665719538
-191.26861645776364
-196.23249947029782
-196.09854950207992
-199.0326365319551
-196.09067834003778
-194.7052376396355
-190.58292338125736
-188.26794797838193
-186.031871099679
-183.44995883369825
-183.24296130367637
-184.60838362545576
-181.6918806079284
-184.17036777145267
-181.6401457051655
-179.14173696285556
-176.13323274508423
-174.92523878037917
-173.8497244535564
-170.798740986343
-168.11081652716243
-167.62416753553268
-172.08671748340072
-172.86151443439667
-170.58982356833286
-171.57443415423288
-169.1399681049789
-167.21157001868013
-168.63887581755932
-166.62054326850574
-169.16331067239537
-174.37351203205162
-175.31110131012852
-173.6124352315208
-178.61568911762953
-182.77874777057175
-183.69202290433745
-183.8905015300772
-186.89707143827255
-188.7032471519762
-189.0210523228576
-186.97978918348613
-187.70100183247695
-188.61894172252832
-186.66180521917659
-183.08209690602598
-185.2971710916644
-184.73934082616455
-185.05498037659467
-185.77168155399897
-187.64538066075903
-186.1666578211135
-195.51665835184667
-196.68565885073588
-197.3045193196917
-197.5862481605102
-194.79107327087956
-191.80360887462678
-189.41539234214918
-192.2104688016202
-210.67784067352298
-213.6971702331116
-216.05534001912488
-233.09201961797737
-233.38649844089872
-229.4033085344448
-232.79911002237807
-234.43116342103536
-226.42529361577323
-224.1797759988268
-228.9089894388972
-228.19445007256337
-223.98278306820956
-221.22381608411698
-215.75038711906996
-213.54536389192575
-221.0126420584102
-237.75188353490557
-241.00677052281122
-246.16636429144253
-251.136382433956
-262.8881994879186
-258.63490751864344
-255.17681306752482
-262.7262042834733
-263.1626320264649
-277.372874104877
-279.45050165858436
-271.9834715590693
-264.6644632655251
-260.4845954695936
-258.715519741418
-273.19258855693295
-281.9410332435169
-295.0245712489059
-290.1630969739715
-282.4733111555332
-277.88491248620124
-274.59181773702915
-274.1963086728074
-269.4445301524389
-274.8778583432926
-288.385186842695
-278.4020756321333
-277.2379510942053
-272.603674028553
-265.24745358683975
-261.27260637162937
-261.1962499893316
-258.60447498997166
-261.0882064905734
-275.422914101139
-267.05753925507065
-267.2340868997664
-263.0200416857804
-264.6988391846336
-257.69690883355554
-253.39509430354218
-268.19138864532965
-268.7199053266099
-264.47671100701325
-256.1681083465924
-254.29802184579685
-248.94014053504904
-252.7837321029461
-256.3967081767693
-257.57290568616315
-256.63853134499334
-253.60021946429373
-249.7242062964361
-252.74075391864992
-247.8963086835309
-244.722530162519
-244.19917835276786
-242.08722765160178
-237.10199399250564
-252.8758743529553
-248.32332189177797
-240.68392257827128
-238.362887223575
-231.98111399016048
-225.92224715075082
-220.40691232170576
-213.8424975824034
-215.83194772745918
-224.48203086381162
-226.07310901198292
-220.78872247126392
-214.38139912298809
-209.5585151756088
-223.92500426507226
-217.8695040091679
-229.2173337686178
-231.36429374250073
-237.82243611795067
-253.5530899508736
-248.77990455382118
-244.2331102805919
-241.63912366375635
-257.140776243931
-271.7123296692951
-276.1695898891374
-268.4194144957891
-269.1742496260417
-273.0037946484792
-276.30356696957045
-269.56535295139616
-271.7514317743124
-273.2063458678536
-274.87396511578237
-275.8415272088354
-280.29103557630526
-293.47357344172696
-287.02515903522334
-287.5636494931099
-293.04983052352327
-299.8268406921119
-297.31723025058517
-307.19819643555
-298.30630464941703
-298.647926370452
-297.4090507882249
-293.5445077409314
-288.2318372764755
-278.737927039887
-282.89365141749374
-278.46003233244414
-276.5124303924975
-267.60168456894763
-262.10558349481073
-258.2592484851221
-262.50369357601477
-257.1334719614539
-249.14546364376665
-249.49673582514063
-245.26693167563218
-243.15091577509423
-258.5618608285886
-273.04814917887325
-280.1852602281408
-277.5941446144524
-279.41849593758525
-292.6533861813301
-297.2941830104503
-309.4565320298233
-301.6291401080339
-294.99139170155183
-291.8119081994587
-292.5431937074912
-294.0106020850417
-292.9299659599392
-286.9341680023428
-293.7781179222022
-287.67143084687007
-285.4111449960578
-275.6064762962943
-278.93008771851663
-292.19428245540564
-285.4026255080813
-278.4784679775964
-277.0697598989406
-272.6255743050042
-277.0280398467039
-267.7263574559017
-268.58277600854757
-261.7078094480347
-257.16534088115264
-268.31542042828346
-268.1764952025864
-264.9259054904312
-264.3303511610053
-262.45053009134494
-256.90349828586426
-253.7292883887124
-257.10553108538966
-266.7591992202663
-257.7136472670503
-251.4308284310273
-244.74497872516565
-237.9802800016557
-229.94146320155636
-226.64497540946297
-221.14627688489517
-221.13750027180143
-214.58925025549334
-218.51389524016375
-212.7230615257539
-207.75967783420867
-204.41409716415615
-204.38925133430678
-198.60589625424834
-200.8495424789934
-196.71856993025378
-206.57545573443855
-203.36092839037224
-208.3192726869499
-213.28011632573288
-213.4433093461889
-224.45671078541756
-222.8093081382925
-222.34074964999493
-218.78030467099524
-211.6534863907355
-208.55427720729136
-203.36102057485385
-205.4393593403626
-202.23299777994086
-200.9590179131444
-199.76147683835575
-195.75578822805437
-191.9904409343711
-188.81101447830883
-187.7423536096103
-185.35781239303367
-186.47634364945165
-185.96776303048455
-183.98969724865546
-186.33031541373612
-185.17049648891194
-183.7802666995772
-182.17345069760253
-184.86304365574637
-184.09126103640156
-201.54578537421744
-203.67303825176438
-205.6726559566585
-203.59229659925896
-199.7167588033034
-195.95375327510519
-194.45652807859886
-193.76913639388292
-193.30298821024994
-192.50480891763493
-190.79452038257682
-192.8468491596222
-190.27603821004485
-189.89947591744215
-186.6655073623956
-183.68557692065184
-180.2844423054127
-177.44737576708792
-177.18053322106263
-175.66970122779887
-171.4895191541309
-171.70014800488303
-172.61813912459004
-175.10105077711464
-194.35498773048775
-192.23368846665846
-188.43966715865895
-189.2532871291394
-197.03808990139106
-199.07580450730757
-206.45125623686909
-207.50418086265694
-211.85393001089753
-217.74269421024366
-234.67813255762903
-241.77744460417128
-237.890797927921
-231.05735005224574
-240.05390904911098
-236.39067450616432
-233.54723403579445
-239.27439999364677
-238.53793599402795
-243.42565983438624
-247.90012024432303
-244.12611302966363
-242.4385462478838
-238.6922334730108
-238.77069946463013
-231.9444574967523
-235.66779004694718
-229.32772264413035
-237.0480592854825
-231.10517572835354
-230.79886518465233
-226.8509332735732
-242.2198772771588
-243.58668464052926
-239.23148356209748
-235.61759454837164
-238.16053887546934
-247.39090654294117
-250.42745215036467
-261.74180502134277
-262.65729672006216
-262.3178589168584
-262.7187873818469
-262.97566013893606
-254.21712053059989
-247.84409329876388
-241.49344770083803
-241.28384083878774
-233.52681038846046
-231.57520176515283
-231.24068965924366
-234.406248279689
-231.14187338290768
-227.23336097993322
-231.83935932113724
-230.168997761869
-225.35885789615685
-222.45732642238744
-219.72988683704418
-218.84609362682153
-217.11532800921222
-221.12840832865948
-225.38070382893991
-220.7378615992035
-215.7735899032513
-232.8271745090562
-233.4375440385128
-228.91129139620202
-245.17661391242987
-260.46601707768406
-261.458056053023
-275.7705726898416
-281.72433832845104
-294.82087802874395
-284.27162534701927
-274.4753278261981
-279.24680815662623
-272.6319996672286
-286.2740796871949
-281.6376349059632
-286.63937681160536
-298.481014202909
-292.8721533507345
-286.3998241496904
-288.835834700709
-280.9256846186664
-279.0101435415464
-274.86953492905366
-267.0773628333104
-281.05272106331176
-275.4095577995131
-272.0849843315423
-265.1198852716497
-279.21269215535074
-273.4999306260297
-287.08993478846793
-299.86453870115986
-296.45266637909026
-300.9855063963448
-295.58637601256413
-288.8311934518103
-280.0213218447016
-271.5600425340195
-269.2464399819783
-264.13165358305963
-257.523754368076
-253.17232910599145
-245.60198935963194
-243.10586999805403
-243.51951779817077
-248.2883467302805
-246.47104592646366
-240.68278317087584
-256.24181618062323
-265.2273072097858
-279.31366877719864
-292.5548486505667
-299.60155773153275
-303.58546426764076
-297.6103364115823
-291.5737162268873
-288.539293253274
-301.2269356580776
-301.1533195185929
-290.4641203474773
-282.81627312662863
-281.9872967390309
-295.068058934689
-282.28397539860765
-275.84693687469115
-268.6561206622097
-266.3967534224771
-259.9529482171285
-250.83577132410076
-249.1056250446547
-245.6792875419754
-239.27853028945688
-254.92181847208946
-254.6265093637641
-261.06891880193825
-255.96478367382196
-254.64689665339262
-257.48808285418903
-253.37879788293768
-247.2960700099614
-244.2783058093637
-237.84160746080187
-232.51111101315374
-226.7204443523645
-224.3372176912226
-218.07698462974923
-223.83236555196427
-226.4224236188464
-234.7970782017156
-231.50925350961268
-229.67869829903591
-233.23797640109376
-228.66369781702812
-224.72387594800642
-230.14044339112604
-228.21201678765846
-233.29929578039895
-230.82133803357502
-227.3520577515605
-220.61093428646686
-217.69427822927884
-225.3326215355221
-225.85266424339073
-239.06150438878726
-234.01781412546
-234.1967452779324
-233.82494056125645
-241.69544412758106
-237.8737174799262
-238.4812944311306
-232.27241676526276
-228.956071759347
-230.33870745378616
-227.198385006559
-225.08648190616546
-219.32129299179553
-219.8420154122878
-221.4714944875505
-226.60320481829746
-224.70701252919957
-224.42459177744757
-225.3591162708007
-241.83756929455265
-257.3273151368795
-259.70767622866674
-271.4852156549467
-267.7361027156499
-264.5719365527109
-261.29762035954826
-256.23976313797533
-257.42537734969676
-250.79985470871495
-246.07186342619204
-243.0675516206205
-241.02349852338324
-253.56208861198024
-251.6083632952614
-264.9518614975457
-265.1947498076929
-260.2030648192313
-259.8908809300774
-253.71742807427273
-259.91438238981635
-265.7395194464274
-257.4151482796417
-250.4302393828632
-243.0244250198914
-245.6029595186979
-239.26678194757602
-235.71077503072146
-239.98812852887815
-234.22884081714545
-233.67511036811672
-231.35460374602968
-244.4133275212679
-246.1885278699918
-261.4172161977923
-258.51218322592473
-251.88145223236924
-259.7485650984271
-274.16365119252146
-285.01383212097016
-288.2530021937119
-297.59782206208916
-290.4819527383638
-303.053035574062
-302.8098534396183
-292.7412622332412
-282.7967864992467
-275.90897930929185
-269.85444055073435
-273.2231741176903
-275.18978367062886
-270.7383966503911
-266.7340928513676
-269.57004728028556
-265.2158444434684
-261.4828937768603
-254.49392015024864
-250.62428494123373
-251.24682784475968
-244.5720181740741
-236.97769708362964
-239.31903525861185
-245.29989314309512
-258.0618995545094
-251.15818558123885
-245.86869444636451
-247.85657277958265
-244.74517841280766
-247.64046770803918
-241.9020396455568
-238.7879172668234
-234.240642230814
-236.26620369696514
-234.69023147514721
-240.70881758663836
-237.78628853144005
-252.67911121955362
-251.07836454638039
-255.51366267359754
-248.46284291318167
-248.49507233839077
-250.86536799808732
-250.93344591820207
-255.19743916310992
-251.34559281332332
-247.4848572445239
-243.67576580985246
-236.6152198612613
-236.27830666958562
-233.68160826941048
-229.68071177324583
-223.63986906685108
-226.24147692284
-223.5269883074696
-229.7353690090214
-226.03124686848014
-222.12937205637132
-218.52160973298902
-217.89031314900967
-218.01689436006907
-211.83588069846493
-211.18572785655704
-213.09458418516363
-211.5289091340538
-206.33717458601058
-207.39694411084992
-206.4731274641989
-203.50473981634696
-202.87445542736614
-203.90198810172416
-202.1678688156207
-198.07779668668343
-204.73312888548242
-200.18914115235347
-201.49779268321225
-198.2279251222195
-197.67424961488632
-206.27379463799315
-203.49736695971353
-201.7275249421307
-200.24387344560287
-200.2292410388667
-199.13548657653467
-198.7073573819426
-195.784915939026
-193.5178209826844
-192.76675172372336
-211.20074662029995
-214.30870182308195
-210.93017971369702
-208.47436893087516
-210.24590679502265
-211.13115238732126
-212.98328324408197
-209.86428624943704
-205.85242907447082
-213.42128333000255
-217.3560063302024
-223.63464595039025
-224.79656719336683
-221.32877316176481
-218.72904677205892
-217.12530396573538
-212.43778572779127
-215.83151858412378
-218.84162746907634
-217.83112982093175
-217.84126203167585
-217.85078630977532
-214.6197391311888
-213.38255478331743
-211.31960149631837
-216.28042540653928
-213.9235998821469
-213.56818388921806
-212.99409285586498
-210.53444728451305
-211.40238044744225
-212.99823762059572
-211.67834336335997
-208.93764276155838
-214.40138419586486
-220.13730114411297
-217.4890630754662
-222.4997192909382
-220.78973613348188
-229.38235196547296
-245.61941084754457
-247.80224619669187
-246.91411142489034
-247.5792647393969
-240.76450885503306
-255.11863832373103
-264.9515200243072
-267.5944288228487
-263.59876309347777
-264.3428373078691
-255.44226706939696
-248.51573104523314
-241.52478718251913
-236.69329995156798
-252.49170195447388
-251.68219983720545
-243.8412678469731
-238.3907917761547
-233.20734426958543
-227.0149036134103
-223.17400939660567
-221.78356883280932
-216.33655470284077
-210.37636142067032
-205.6737797354301
-209.17335295130428
-217.442951774226
-212.3763746677724
-212.59379218770607
-211.6581646564437
-210.11867477705707
-204.47155429043363
-201.2032610330076
-196.63106537102715
-201.8732014487655
-198.34080936183958
-196.4603608001292
-195.41273915212145
-194.00797480299414
-193.40749631481447
-202.14304653592558
-196.73446374377002
-197.4103959191438
-215.56577216399518
-216.67182583415544
-216.5715162841061
-221.69722530705974
-226.27539178863614
-223.85886828131797
-216.66733618443888
-213.08729601337254
-208.82205825257017
-207.57273475741596
-207.478370671971
-225.0296684316527
-230.96788832575353
-247.1098150262083
-244.64322612463582
-237.22463255715763
-237.5111546037282
-232.14048532750448
-228.8920562078542
-227.69853283538293
-226.45662086525994
-225.46922361334433
-224.72107019654365
-219.51780598475102
-217.50673762566595
-219.03633336812598
-212.79415336603842
-208.9665041640761
-216.58851391423153
-215.89320307937763
-210.61961089461496
-208.48243424093806
-204.07348818648177
-207.12907889529285
-215.82133416157527
-217.27205411188075
-212.21573086516787
-209.74278701325778
-207.29821979246228
-205.30032660491452
-222.98230700861964
-224.24336858810244
-240.7887664728163
-243.5014404844473
-243.77135405538044
-240.9650728120576
-238.14716844333412
-252.05833833673404
-246.77483803652999
-239.40834775433817
-255.04384688907786
-259.7812160757332
-257.0943431111892
-250.96868252451782
-251.51056157304672
-266.4199278786639
-262.31473220594404
-275.4958482735874
-270.24609737717213
-264.17133153454176
-264.28105164246927
-265.7641885439211
-279.8183372312858
-277.96923699740864
-270.4110827775641
-259.1664178109103
-253.33643274225565
-249.29624677772028
-248.13847197105707
-246.99016365279365
-249.870753833626
-242.0785086036084
-240.0337980873919
-240.75177020214838
-236.80666399001947
-231.2382641506183
-223.6039683015812
-219.06773020348632
-214.08366639127712
-209.69864640780048
-208.27672762333245
-203.5801239659325
-202.46531652797654
-203.39739753629794
-199.65355368412006
-200.51434046307284
-194.60348003528847
-190.06727123317114
-189.16323495918087
-186.03344086163
-187.2314344099322
-191.65754834533627
-189.3980954446161
-189.61420971793913
-190.65735713486276
-192.35791570677097
-191.4364407643647
-190.5702543185028
-188.79603905939263
-183.70827671582907
-180.1857801128793
-178.49463330610655
-176.60495530774014
-171.8286579892757
-171.29893850991917
-166.48100219932402
-175.45214206736458
-174.5850135433227
-174.06991273072333
-173.76571796687992
-171.4997748888671
-170.68978839553506
-169.56840109180294
-169.47429702629478
-174.06583920471707
-175.62188885243404
-193.464575521288
-191.3967009900107
-192.21289893061004
-196.70012499477343
-193.35811749508701
-194.65663044538178
-198.03723261865886
-196.17499866153932
-193.82449874184692
-191.9150288173361
-197.44012708829592
-198.31371946299816
-203.99489629521827
-200.09520251750516
-202.48949036645485
-220.34012094446754
-220.55971368779947
-229.04613086653148
-224.00336301453956
-219.32316123366715
-215.7037715596471
-214.10154526606826
-229.39545255010415
-242.57172539709788
-254.05742187327198
-256.5739765608757
-248.43953796722312
-245.41316568918973
-241.06837574783833
-255.704273202968
-250.20201681078993
-265.18989580214253
-259.478502054014
-267.9097919307731
-268.6952044149267
-269.7334921500311
-275.1494826210292
-279.34051366376747
-281.9000828439414
-283.8260778733049
-278.7365132009066
-283.4923224088522
-283.58278306432106
-274.6078160804618
-271.6913471156341
-265.049866288696
-279.1468743113743
-277.2780618526918
-269.28137814153024
-266.9244954530384
-261.64902572585606
-254.9500841823047
-251.5330791313664
-247.4810943834844
-244.51222872047532
-244.0614949972468
-239.31780529741198
-238.03873697956726
-245.4764127607932
-250.2478279951456
-243.63295831543687
-252.77498081651063
-258.66848196752
-254.96837304946877
-247.23027066650062
-240.37645442651055
-233.57386716091992
-227.5394351312647
-226.30706902338878
-226.58864488198543
-231.7733261890663
-227.8269266177223
-225.67731102065898
-229.35667235941943
-224.89527201785427
-224.241555696783
-227.527062354976
-228.57543861367742
-233.64091229685675
-231.14245755904534
-233.8939101055026
-241.04027549917245
-243.6778589692221
-241.17718743106875
-238.94655618520463
-244.94976281409234
-241.17277704524676
-232.94241042253196
-240.68586579718004
-234.76471384934925
-234.5388310183883
-231.086501157285
-227.42131108784787
-224.636032422577
-220.69787047722235
-220.415998248589
-215.89103835367365
-216.1375760524532
-215.58932148930597
-221.1939621999476
-224.48232446795075
-221.87338499987368
-238.56098189988126
-238.16732298588835
-235.15728360673504
-231.72784659033093
-225.92417579491106
-237.3887252472164
-234.6054017323834
-229.22907762844036
-234.13533297073394
-245.28721299248988
-249.22998021294046
-244.836181400164
-238.12601051615414
-234.99844988518487
-246.33854289207378
-244.87823031854933
-240.68553649943635
-255.52440430947016
-249.25294005090194
-251.4577636478478
-266.37029782897696
-265.2080799592383
-261.295595161684
-252.99785945198295
-249.09798788486395
-244.41210861177208
-259.74738209506575
-259.5825391693618
-257.20758681920006
-269.01513161004806
-262.83422371344517
-277.06417029063846
-277.18032007320016
-290.54950086880814
-282.53653081667966
-293.54433896767887
-305.93167862961815
-298.795777911841
-294.0680312371305
-285.3039493629027
-280.5457124011285
-283.0929696570608
-272.46739147763714
-281.3193479889789
-293.54018710964016
-290.5677758830617
-282.493709330078
-276.6440867702733
-268.9254415640569
-263.28991507021345
-263.03252016600067
-255.05056895604062
-253.18753481867816
-260.43628272955743
-253.270105765784
-246.23389941983694
-255.8798654546467
-249.7070735273679
-247.68464911572582
-242.42357016878225
-238.6781559586553
-235.81746660113598
-239.4284186050678
-240.72271348876373
-240.7393506794379
-239.8549896386716
-235.7236902603513
-235.68026884473022
-251.5394527140464
-246.8270855512036
-262.01746041813135
-276.2964127930435
-276.3986280254609
-271.2747103439332
-263.6982277232972
-257.53633405989933
-257.2641540163053
-255.508304775327
-255.35780648880737
-261.3363380994789
-260.65615781351016
-256.4167883446995
-249.6717810440175
-256.65147418137644
-271.25238573049387
-269.43724258666424
-261.61100803146434
-256.8943475495765
-255.3406866966019
-257.7202454948058
-264.33703076511745
-268.2168089192104
-263.76380038405773
-276.07797236101425
-272.8932940193534
-265.6396963781922
-264.9413145955006
-264.22483571977057
-274.65134557658433
-268.85226484198927
-267.9611289514699
-272.1034612143817
-273.5372535415188
-266.72501832902765
-262.301517229286
-257.4234261955288
-257.038020623797
-251.4557393863692
-249.50839502318703
-254.2778913217958
-248.02121784248806
-239.67994477193875
-246.89914808562241
-246.90519920048504
-252.73088724845593
-250.82703401354854
-251.85741197273563
-246.8259672543715
-241.9164092191092
-235.26142466596264
-229.66573918600488
-223.98579483484457
-226.08664714475387
-223.7414483160686
-223.7569614171045
-223.4715437320782
-221.8832511081535
-217.8702560416643
-212.83804067916444
-211.88775823841456
-209.91449274410968
-208.0596231794631
-202.8960457886953
-200.86228304137356
-199.25054605889113
-200.79551329535767
-199.4877824976362
-200.41851554777801
-194.99340461491133
-199.85380033801664
-199.08257231773564
-205.6176179786715
-211.5205608999512
-209.0293272459541
-215.14756761119685
-220.59871355452503
-219.36279074125352
-225.7010232967783
-229.01896189897155
-238.61782418503324
-237.02075473393123
-252.79950944989534
-248.9715388829016
-243.39324654992748
-248.58965175693183
-249.69427265151592
-252.11261629242495
-255.76585931487944
-248.69990775598666
-244.93791329062745
-244.94163849318977
-253.7651401835984
-253.35923177258246
-251.8976778662275
-250.04381719425382
-248.0011881625986
-262.3411168728427
-259.14064986047214
-273.59221086884384
-274.81667821671317
-267.9276775237104
-268.89201687228774
-272.5584958599505
-268.5649861083535
-282.4510869418523
-293.4040217253411
-286.71978042182064
-278.7565935965114
-271.21119798072067
-266.3385261018774
-258.27821453576473
-254.00152166361883
-253.9414303638017
-245.60494454197357
-240.82864786945515
-235.37892899728783
-231.57619325745054
-224.16162166200348
-219.47192436228326
-215.54360890054627
-210.6509923665135
-205.51193282452266
-202.4812168550513
-198.1323438437482
-197.4044032131233
-194.26013902033586
-189.9845306791157
-189.74545883836873
-198.5207313080666
-196.98948742958257
-192.3101181838076
-188.7515110927791
-203.88642042721236
-201.9732352015796
-199.15484108948482
-205.5655506241157
-207.93161758666875
-204.2157205314686
-201.98277729958048
-197.84381066160563
-215.97318202190928
-215.67479110059472
-212.81430363455902
-212.82544541648548
-218.89591869149635
-221.84216357000656
-220.29163375580615
-221.53413573045776
-217.84208758663027
-218.57156233143246
-222.6172685915465
-238.30023247605368
-229.76221852749043
-225.876485415841
-225.22389629089054
-221.13046251343707
-216.20263476263082
-210.07047667687297
-207.66624807626056
-203.84627319168493
-199.5954968001838
-194.33976699217277
-188.7993809726424
-187.67141811428385
-184.93113302742682
-180.8552650457812
-182.24394914303434
-182.64931219445228
-184.35035346278514
-182.46933225501803
-180.16117231971697
-178.77150198053394
-176.4452118617019
-175.51849914999977
-176.92738920099978
-174.23174584893977
-173.25784109800335
-172.88237063212316
-178.04942839419576
-177.746462690544
-176.86167492911136
-178.84997443336465
-184.01897596736276
-185.51783740932098
-183.3267671647617
-181.32716113487598
-180.2275314667834
-175.77387957877642
-175.12744680404984
-174.93979999580682
-173.9834119960584
-175.90440727629488
-172.67014283971716
-170.64993426933412
-167.37093821317407
-169.2086819203836
-170.2761610051606
-171.51959134485097
-175.4484158641599
-174.9415109123103
-180.10502025757165
-178.95871904211734
-182.6811958995903
-179.4603241456149
-179.732704696878
-178.6087424150653
-178.75221787016136
-182.12708479795165
-183.97945971007454
-186.98069212747004
-187.88185059982183
-206.6089395638325
-224.21240319000253
-222.15965899860237
-219.9900794586862
-217.47067469116504
-231.90243420969512
-239.5882881571134
-243.5729908676866
-251.4586114156254
-245.97109473068787
-256.8328290468466
-267.4028593040358
-271.39868774579367
-285.114766481046
-278.44788049218323
-268.8810076626522
-259.8881472028931
-253.89485837071948
-251.4411668684763
-247.39469685636772
-257.27101504498563
-251.79475414228648
-244.96706889374929
-238.84904476012431
-242.63810207451684
-251.6598159500458
-250.90022699304305
-259.3062133734604
-260.3678405710528
-259.56577013678964
-255.33182392858225
-250.4519144928673
-244.72479962329527
-239.94131164589754
-237.18483294714366
-232.79374297031504
-240.78611839209614
-239.17895128857037
-238.68821421125614
-245.30692135858075
-252.84850607706588
-250.3375957124419
-249.41733996969538
-251.37229957151362
-264.4899615972228
-258.52056390138944
-259.50933006730605
-254.85877026326767
-265.6072440474716
-266.1108094046233
-278.10416084034586
-281.03791118992507
-273.71563651852955
-287.2926983274178
-295.4351364277727
-289.82902824210635
-280.89928654757995
-291.40532935472515
-286.58100959344165
-293.3261490178351
-290.006580076765
-291.68618527215904
-290.8650141558295
-303.4131133064797
-297.62832650809094
-290.33062691760546
-286.2307893025491
-286.81694194439615
-279.80792542773236
-273.8194499020684
-270.3502829079443
-269.6692659334676
-265.4291099774596
-265.403363378812
-279.47916157608324
-275.7904118815182
-275.4429871686271
-267.1964079385094
-257.9446234621988
-250.02794605446687
-243.36626929119885
-235.1242931337269
-229.29683554570326
-228.67902541296104
-226.47828388818337
-223.44958685489235
-216.5226116435988
-215.29125494498285
-210.47377964828385
-206.9053528693868
-205.83103169722358
-205.60116979539015
-204.06509960766675
-202.92119363120673
-198.48592201333432
-209.79676669253425
-207.1089606909822
-205.00242304952326
-205.30227766655184
-202.10414100655873
-199.99789254616522
-205.2180189933953
-203.10493785379157
-214.79864158256404
-218.77072308761018
-235.64447970235355
-233.32581092021232
-249.32626226499957
-247.86668652909958
-251.7746853373536
-266.06820421711234
-258.68411196408556
-254.32306524624042
-260.18368133146595
-257.172660451578
-264.7823008244833
-259.3953627750143
-255.23164100851344
-253.29774254800262
-247.45987799512244
-250.9722853154151
-251.21394819649018
-261.94111130470077
-265.30464462641874
-263.0063659488336
-256.70598399190357
-266.5036249523893
-262.93340745524597
-265.03740300793123
-268.51515882745537
