9.0
8.94
9.003599999999999
8.943383999999998
8.946780959999998
9.009974102399998
9.009375656255997
9.068813116880637
9.244684329867798
9.17000327007573
9.219803073871185
9.266614889438914
9.430617996072579
9.464780916308223
9.556894061329729
9.583480417649945
9.608471592590947
9.51196329703549
9.541245499213359
9.508770769260558
9.478244523104923
9.509549851718626
9.538976860615508
9.686638248978577
9.645439954039862
9.60671355679747
9.57031074338962
9.596092098786242
9.620326572859067
9.643106978487522
9.604520559778269
9.748249326191573
9.823354366620078
9.773953104622873
9.8475159183455
9.85666496324477
9.865265065450082
9.753349161523078
9.768148211831692
9.84205931912179
9.851535759974482
9.860443614376011
9.80881699751345
9.760287977662642
9.654670699002883
9.67539045706271
9.574867029638947
9.60037500786061
9.564352507388971
9.530491356945632
9.618661875528893
9.58154216299716
9.72664963321733
9.62305065522429
9.885667615910831
9.89252755895618
9.958975905418809
9.90143735109368
9.967351110028059
9.969310043426374
9.911151440820792
9.916482354371544
9.92149341310925
9.806203808322694
9.757831579823332
9.712361685033933
9.669619983931895
9.68944278489598
9.70807621780222
9.605591644734087
9.629256146050041
9.591500777287038
9.496010730649816
9.466250086810827
9.618275081602178
9.581178576706048
9.606307862103684
9.569929390377464
9.595733626954814
9.619989609337525
9.582790232777274
9.547822818810637
9.574953449681997
9.540456242701076
9.50802886813901
9.53754713605067
9.565294307887628
9.59137664941437
9.495894050449508
9.646140407422537
9.607371982977185
9.570929663998552
9.536673884158638
9.50447345110912
9.594205044042573
9.618552741400018
9.641439576916015
9.602953202301055
9.566776010162993
9.532769449553214
9.62080328258002
9.643555085625218
9.724941780487704
9.74144527365844
9.816958557238934
9.767941043804598
9.901864581176323
9.967752706305744
9.969687543927398
9.971506291291753
9.973215913814247
10.394822958985392
10.371133581446268
10.34886556655949
10.447933632565922
10.601057614611966
10.744994157735247
10.760294508271132
10.774676837774864
10.788196227508372
10.740904453857869
10.696450186626397
10.654663175428812
10.675383384903084
10.634860381808897
10.776768758900362
10.85016263336634
10.739152875364358
10.694803702842496
10.653115480671945
10.613928551831627
10.63709283872173
10.598867268398426
10.56293523229452
10.469159118356849
10.381009571255436
10.47814899698011
10.569460057161303
10.535292453731623
10.443174906507725
10.41658441211726
10.451589347390223
10.54449398654681
10.451824347354002
10.544714886512761
10.512031993321994
10.361310073722674
10.279631469299314
10.322853581141356
10.303482366272874
10.2252734242965
10.211757018838709
10.199051597708385
10.307108501845882
10.40868199173513
10.44416107223102
10.47751140789716
10.448860723423328
10.421929080017927
10.39661333521685
10.372816535103839
10.470447542997608
10.50222069041775
10.472087448992685
10.443762202053122
10.357136469929934
10.335708281734137
10.315565784830088
10.296631837740282
10.218833927475863
10.085703891827311
10.080561658317672
10.015727958818612
9.894784281289494
9.901097224412124
9.907031390947395
9.91260950749055
9.977852937041117
9.85918176081865
9.86763085516953
9.875573003859357
9.763038623627795
9.717256306210125
9.734220927837516
9.630167672167264
9.652357611837228
9.613216155126995
9.516423185819376
9.485437794670212
9.516311526989998
9.425332835370599
9.459812865248361
9.43222409333346
9.406290647733453
9.321913208869447
9.24259841633728
9.228042511357042
9.214359960675619
9.141498363035081
9.193008461252976
9.241427953577796
9.286942276363128
9.32972573978134
9.369942195394458
9.34774566367079
9.38688092385054
9.483668068419508
9.754647984314337
9.769369105255477
9.783206958940147
9.796214541403737
9.868441668919512
9.756335168784341
9.71095505865728
9.728297755137843
9.744599889829573
9.699923896439799
9.89792846265341
9.904052754894204
9.84980958960055
10.038821014224515
10.096491753371044
10.03070224816878
9.968860113278652
10.030728506481932
9.968884796093015
9.910751708327432
9.916106605827785
10.101140209478118
10.09507179690943
10.029367489094863
10.02760543974917
9.965949113364218
9.967992166562365
10.029912636568623
10.208117878374505
10.135630805672033
10.187492957331711
10.11624337989181
10.169268777098301
10.159112650472402
10.269565891444058
10.493391937957414
10.58378842167997
11.14876111637917
11.079835449396418
11.075045322432633
11.130542603086674
11.002710046901473
12.322547444087386
14.883194597442142
16.330202921595614
17.450390746299878
28.403367301521882
38.69916526343057
43.99721534762473
49.15738242676724
56.6479394811612
60.62906311229153
64.61131932555404
72.7346401660208
80.37056175605954
87.54832805069597
94.29542836765421
100.63770266559496
106.17944050565926
111.8086740753197
115.9601536308005
117.94254441295247
120.94599174817532
125.0292322432848
128.9274783086877
133.19182961016645
137.20031983355648
140.96830064354307
141.93020260493046
139.59439044863464
137.99872702171655
138.23880340041356
134.80447519638875
134.81620668460542
133.4472342835291
136.78040022651734
140.5135762129263
144.08276164015072
147.43779594174168
150.11152818523718
148.30483649412292
145.94654630447553
143.189753526207
140.71836831463457
139.0552662157565
139.8919502428111
141.6984332282424
140.99652723454787
144.536735600475
143.24453146444648
140.58985957657967
140.2544680019849
138.2591999218658
141.96364792655382
145.0258290509606
148.32427930790294
151.42482254942877
148.99933319646303
146.77937320467524
145.2326108123947
148.518654163651
151.60753491383193
154.511082819002
151.72041784986186
154.61719277887013
157.34016121213793
159.89975153940964
162.30576644704504
164.56742046022234
160.753375232609
163.10817271865244
165.32168235553328
167.40238141420127
169.3582385293492
171.19674421758825
169.26493956453294
165.76904319066094
162.60290059922127
161.306726563268
159.18832296947193
159.3570235913036
158.67560217582536
158.63506604527583
158.35696208255928
156.4755443576057
155.6670116961494
155.0269909943804
157.72537153471757
160.2618492426345
162.64613828807643
164.88736999079183
166.9941277913443
168.97448012386366
170.83601131643184
170.12585063744592
171.91829959919914
173.60320162324717
173.14700952585235
174.7581889543012
176.27269761704312
177.69633576002053
172.1345556144193
173.80648227755412
175.37809334090088
175.95540774044682
177.39808327602
173.35419827945879
169.55294638269123
171.37976959972974
167.03698342374594
163.43476441832115
159.2086785532219
156.25615784002855
153.24078836962684
150.76634106744922
148.14036060340226
147.5319389671981
145.58002262916622
143.44522127141624
138.19850799513128
136.38659751542338
135.58340166449796
133.44839756462807
131.68149371075037
130.86060408810536
129.84896784281904
129.25802977224987
129.84254798591488
132.01199510675997
131.35127540035435
134.0301988763331
134.8083869437531
133.9198837271279
133.14469070350023
131.69600926129021
132.3742487056128
132.05179378327603
131.38868615627945
130.82536498690268
130.05584308768852
129.7524925024272
128.62734295228157
128.04970237514465
127.50672023263596
126.81631701867778
126.46733799755711
125.53929771770368
124.60693985464144
126.91052346336295
127.21589205556117
127.08293853222749
126.05796222029383
127.9744844870762
130.43601541785162
129.6898544927805
129.88846322321368
130.37515542982084
130.53264610403158
130.6806873377897
130.4598460975223
133.37225533167097
136.4699200117707
140.22172481106446
141.28842132240058
144.81111604305653
145.06244908047313
145.17870213564473
148.46798000750604
148.01990120705568
151.13870713463234
151.6703847065544
150.0101616241611
148.56955192671143
148.05537881110874
145.8920560824422
144.33853271749564
142.2782207544459
141.0015275091791
139.20143585862834
137.62934970711063
137.051588724684
136.02849340120295
135.84678379713077
136.81597676930292
139.04701816314474
138.68419707335605
138.1631452489547
137.1333565340174
136.04535514197633
136.52263383345775
136.07127580345028
129.16699925524324
123.45697929992865
122.52956054193292
122.19778690941693
123.08591969485191
117.6207645131608
117.04351864237114
116.62090752382886
116.82365307239913
115.69423388805517
114.69257985477185
114.17102506348553
113.4407635596764
113.4743177460958
112.96585868133005
115.12790716045023
114.28023273082322
108.20341876697381
108.31121364095537
113.81254082249805
118.98378837314816
116.40476107075926
113.0804754065137
118.29564688212287
123.19790806919549
127.62603358504376
131.96847156994113
136.05036327574464
128.72734147919996
127.42370099044795
131.53827893102107
132.4059821951598
136.46162326345018
139.43392586764315
139.46789031558455
139.79981689664947
137.7118278828505
138.98911820987948
138.62977111728668
142.31198485024947
145.7732657592345
149.02686981368043
144.7652576248596
137.03934216736803
135.23698163732593
134.32276273908636
132.26339697474117
130.9875931562567
131.8283375668813
130.6386373128684
129.64031907409628
129.8418999296505
123.07138593387147
121.86710277783916
120.13507661116881
116.46697201449868
115.53895369362876
115.14661647201103
116.09781948369036
115.49195031466893
109.34243329578878
103.80188729804145
105.73377406015895
110.60974761654941
115.97316275955644
121.01477299398306
120.95388661434407
121.13665341748342
120.9484542124344
121.25154695968833
118.83645414210702
116.6862668935806
114.24509087996576
108.8903854271678
103.49696230153772
99.56714456344545
94.79311588963873
91.2655289362604
87.94959720008477
85.19262136807967
85.12106408599489
86.5538002408352
88.74057222638508
93.67613789280198
94.41556961923385
98.65063544207982
101.13159731555503
96.32370147662172
98.16427938802441
104.27442262474294
105.75795726725835
106.61247983122284
112.21573104134947
117.48278717886849
118.47381994813637
117.48539075124819
111.87626730617329
109.00369126780289
108.40346979173471
107.71926160423061
107.97610590797677
111.33753955349816
114.19728718028827
115.32544994947098
120.22592295250271
121.89236757535254
126.57882552083137
127.56409598958149
128.6102502302066
126.77363521639418
122.94721710341052
119.89038407720588
115.39696103257353
110.75314337061911
107.82795476838196
105.61827748227904
103.30118083334229
100.28310998334175
102.06612338434124
106.44215598128076
108.75562662240391
114.23028902505966
114.69647168355607
110.99468338254269
116.33500237959012
118.5949022368147
113.15920810260582
112.48965561644947
112.9402762794625
112.34385970269474
107.40322812053304
109.17903443330106
114.08829236730298
113.8429948252648
114.69241513574889
119.39087022760394
122.0674180139477
122.30337293311084
123.90517055712418
125.83086032369673
130.2810087042749
134.4641481820184
138.39629929109728
137.77252133363143
141.50617005361354
145.01579985039672
148.3148518593729
151.3559607478105
154.27460310294188
156.23812691676537
156.10383930175945
155.43760894365386
155.89135240703462
152.8978712626125
150.74399898685576
149.7993590476444
151.97139750478573
150.35311365449857
151.17192683522865
150.2616112251149
152.465914551608
154.2979596785115
157.0400820978008
156.91767717193275
157.10261654161678
159.67645954911976
159.45587197617255
161.8885196576022
164.17520847814606
166.32469596945728
168.34521421128983
170.24450135861244
172.0298312770957
173.70804140046994
175.28555891644174
176.76842538145522
174.26231985856788
174.3665806670538
175.84458582703056
177.29391067740872
178.65627603676418
179.93689947455832
181.14068550608482
182.27224437571974
183.33590971317653
184.33575513038593
185.27560982256276
186.15907323320897
186.98952883921643
187.77015710886343
188.5039476823316
189.1937108213917
189.8420881721082
190.45156288178168
191.02446910887477
191.56300096234227
192.06922090460174
192.54506765032562
192.99236359130606
193.4128217758277
193.808052469278
192.7395693211213
184.89519516185402
174.52148345214277
176.0501944450142
175.50718277831334
176.97675181161452
178.35814670291765
179.65665790074257
180.877258426698
182.02462292109612
182.92314554583035
183.94775681308053
184.91089140429568
185.81623792003793
186.66726364483566
187.46722782614552
188.21919415657678
188.92604250718216
189.5904799567512
190.21505115934613
190.80214808978536
191.35401920439824
191.87277805213435
192.36041136900627
192.81878668686588
193.24965948565392
193.65467991651468
194.0353991215238
194.39327517423234
191.7896786637784
187.00229794395167
187.18216006731458
187.9512304632757
186.93415663547913
187.71810723735038
188.45502080310933
189.14771955492276
189.7988563816274
190.41092499872974
190.98626949880594
191.52709332887758
192.03546772914493
192.51333966539622
192.96253928547245
193.38478692834408
193.78169971264342
194.1547977298848
194.5055098660917
194.83517927412618
195.1450685176786
