9.0
8.0
10.0
8.0
9.0
10.0
9.0
10.0
12.0
8.0
10.0
10.0
12.0
10.0
11.0
10.0
10.0
8.0
10.0
9.0
9.0
10.0
10.0
12.0
9.0
9.0
9.0
10.0
10.0
10.0
9.0
12.0
11.0
9.0
11.0
10.0
10.0
8.0
10.0
11.0
10.0
10.0
9.0
9.0
8.0
10.0
8.0
10.0
9.0
9.0
11.0
9.0
12.0
8.0
14.0
10.0
11.0
9.0
11.0
10.0
9.0
10.0
10.0
8.0
9.0
9.0
9.0
10.0
10.0
8.0
10.0
9.0
8.0
9.0
12.0
9.0
10.0
9.0
10.0
10.0
9.0
9.0
10.0
9.0
9.0
10.0
10.0
10.0
8.0
12.0
9.0
9.0
9.0
9.0
11.0
10.0
10.0
9.0
9.0
9.0
11.0
10.0
11.0
10.0
11.0
9.0
12.0
11.0
10.0
10.0
10.0
17.0
10.0
10.0
12.0
13.0
13.0
11.0
11.0
11.0
10.0
10.0
10.0
11.0
10.0
13.0
12.0
9.0
10.0
10.0
10.0
11.0
10.0
10.0
9.0
9.0
12.0
12.0
10.0
9.0
10.0
11.0
12.0
9.0
12.0
10.0
8.0
9.0
11.0
10.0
9.0
10.0
10.0
12.0
12.0
11.0
11.0
10.0
10.0
10.0
10.0
12.0
11.0
10.0
10.0
9.0
10.0
10.0
10.0
9.0
8.0
10.0
9.0
8.0
10.0
10.0
10.0
11.0
8.0
10.0
10.0
8.0
9.0
10.0
8.0
10.0
9.0
8.0
9.0
10.0
8.0
10.0
9.0
9.0
8.0
8.0
9.0
9.0
8.0
10.0
10.0
10.0
10.0
10.0
9.0
10.0
11.0
14.0
10.0
10.0
10.0
11.0
8.0
9.0
10.0
10.0
9.0
13.0
10.0
9.0
13.0
11.0
9.0
9.0
11.0
9.0
9.0
10.0
13.0
10.0
9.0
10.0
9.0
10.0
11.0
13.0
9.0
11.0
9.0
11.0
10.0
12.0
14.0
12.0
20.0
10.0
11.0
12.0
9.0
33.0
55.0
39.0
35.0
200.0
200.0
127.0
130.0
174.0
123.0
127.0
200.0
200.0
200.0
200.0
200.0
193.0
200.0
181.0
149.0
168.0
189.0
190.0
200.0
200.0
200.0
157.0
103.0
113.0
142.0
81.0
135.0
112.0
189.0
199.0
200.0
200.0
192.0
120.0
109.0
100.0
102.0
113.0
153.0
170.0
130.0
200.0
123.0
99.0
135.0
107.0
200.0
193.0
200.0
200.0
111.0
112.0
121.0
200.0
200.0
200.0
108.0
200.0
200.0
200.0
200.0
200.0
101.0
200.0
200.0
200.0
200.0
200.0
139.0
111.0
113.0
141.0
126.0
162.0
148.0
158.0
154.0
127.0
143.0
145.0
200.0
200.0
200.0
200.0
200.0
200.0
200.0
159.0
200.0
200.0
166.0
200.0
200.0
200.0
85.0
200.0
200.0
185.0
200.0
110.0
110.0
200.0
99.0
107.0
93.0
110.0
106.0
112.0
107.0
138.0
115.0
110.0
56.0
108.0
123.0
100.0
104.0
118.0
114.0
120.0
139.0
166.0
121.0
176.0
147.0
120.0
121.0
109.0
143.0
127.0
121.0
122.0
118.0
125.0
111.0
119.0
119.0
116.0
121.0
111.0
110.0
163.0
132.0
125.0
110.0
158.0
169.0
118.0
133.0
138.0
133.0
133.0
127.0
179.0
185.0
199.0
158.0
200.0
149.0
147.0
200.0
141.0
200.0
160.0
124.0
126.0
140.0
112.0
120.0
110.0
121.0
111.0
113.0
128.0
120.0
133.0
152.0
174.0
133.0
130.0
121.0
119.0
144.0
129.0
21.0
34.0
108.0
117.0
137.0
32.0
108.0
110.0
120.0
98.0
99.0
106.0
102.0
114.0
105.0
149.0
101.0
13.0
110.0
200.0
200.0
76.0
61.0
200.0
200.0
197.0
200.0
200.0
14.0
107.0
196.0
146.0
200.0
186.0
140.0
145.0
105.0
159.0
133.0
200.0
200.0
200.0
78.0
16.0
107.0
120.0
100.0
111.0
145.0
112.0
114.0
133.0
17.0
103.0
93.0
59.0
101.0
109.0
131.0
106.0
13.0
17.0
136.0
187.0
200.0
200.0
120.0
124.0
118.0
126.0
81.0
83.0
76.0
25.0
19.0
38.0
20.0
36.0
36.0
42.0
84.0
109.0
123.0
171.0
106.0
165.0
140.0
21.0
127.0
200.0
129.0
120.0
200.0
200.0
134.0
102.0
24.0
64.0
99.0
97.0
112.0
164.0
159.0
133.0
197.0
148.0
200.0
143.0
145.0
98.0
63.0
72.0
45.0
38.0
62.0
71.0
67.0
53.0
130.0
175.0
145.0
200.0
122.0
53.0
200.0
154.0
28.0
102.0
120.0
103.0
30.0
137.0
191.0
110.0
128.0
193.0
164.0
126.0
149.0
156.0
200.0
200.0
200.0
128.0
200.0
200.0
200.0
199.0
200.0
187.0
154.0
145.0
163.0
106.0
117.0
135.0
186.0
125.0
164.0
136.0
187.0
183.0
200.0
155.0
160.0
200.0
156.0
200.0
200.0
200.0
200.0
200.0
200.0
200.0
200.0
200.0
135.0
176.0
199.0
200.0
200.0
200.0
200.0
200.0
200.0
200.0
200.0
200.0
200.0
200.0
200.0
200.0
200.0
200.0
200.0
200.0
200.0
200.0
200.0
200.0
200.0
176.0
62.0
12.0
200.0
167.0
200.0
200.0
200.0
200.0
200.0
197.0
200.0
200.0
200.0
200.0
200.0
200.0
200.0
200.0
200.0
200.0
200.0
200.0
200.0
200.0
200.0
200.0
200.0
200.0
151.0
112.0
190.0
200.0
171.0
200.0
200.0
200.0
200.0
200.0
200.0
200.0
200.0
200.0
200.0
200.0
200.0
200.0
200.0
200.0
200.0
