-3932.224466665612
-3792.9669616250226
-3377.511072702694
-3889.1666842850036
-3781.5838884823297
-2611.008497168
-2445.315131119281
-2659.1809240379525
-2645.7516444979406
-2579.1908464079124
-2349.4428691494195
-2082.1512623104622
-2311.724242799534
-2764.8528682264723
-2718.688427468818
-2760.8650453151486
-2029.2912922645814
-2279.9545889443184
-1936.2553661144082
-2588.962525175783
-1946.0685687722782
-1930.0314698924976
-2351.8730238166895
-1822.609875561865
-2060.2798558504364
-2800.4698893049117
-2160.117034236836
-582.3170758256874
-2676.263797417694
-2616.495679265452
-2375.058660453324
-2419.714082141515
-2647.186143706847
-2860.884088840574
-3753.467487506715
-3816.526119364917
-3412.080722429084
-3452.076741018771
-3798.31469795857
-3360.69399910761
-2850.004751621013
-2491.2291232194916
-2759.0090680620115
-2744.5712966585133
-1587.551182799679
-2896.8132462316858
-3827.6048721608086
-3365.389816927104
-3040.979173728989
-3133.73149610997
-3525.6382735922984
-4.591944576847405
-4.338338424716283
-3434.5327581309043
-3627.778932389738
-3312.752652980073
-3373.0732994201817
-3436.378304455535
-3600.2967214041214
-3418.8314148894087
-2604.017831328482
-2948.4164773192474
-3294.133823463196
-3611.176574645753
-3159.1603557450712
-2929.410116602629
-19.626147331182526
-3704.2894934981573
-3802.7162114200482
-3814.5283088074148
-3825.2154791312396
-3822.4985690822627
-3911.8304122742784
-3805.1286283323548
-3791.80488542653
-3871.3435128295678
-3821.3604214105517
-23.205057246492743
-3841.772465484454
-14.341973287868363
-3783.560687558766
-6.518654133454779
-3852.752874567515
-3814.9003308915276
-3547.400566929513
-3707.9130386917936
-3863.4198793959513
-7.764003696154349
-3817.3253484302186
-3774.5147371810303
-2608.8991522668225
-2824.3738588315996
-3067.8733878180683
-2653.6992589103766
-987.933337752641
-1059.1915277937223
-401.21987780776783
-1194.2108268212742
-906.241283969776
-2527.1047872138442
-1642.2621487869683
-2891.110703296761
-3355.420289868652
-3184.9135434403784
-3354.483090107067
-3966.9674928857075
-3674.447465611488
-3873.406186074891
-3792.1541814418188
-3477.3299131912363
-3236.48345693484
-3378.0239981681566
-3530.401084806909
-3260.126819189316
-3165.428137064912
-2552.7032412516014
-2722.7659039555824
-3152.7879433456033
-3242.1832447938077
-3318.9979961323697
-3453.7734060127436
-3566.4907697244953
-3618.0589482927353
-3588.7872120021525
-3535.3061711351506
-2484.2350694594825
-2433.9543274453586
-2963.9383118199207
-3461.6656018378185
-826.4429183002776
-3658.170488901715
-3644.350052189484
-3729.769862671349
-3804.7074677714345
-3709.4263117012842
-3810.1346212822223
-3798.658941857378
-3751.509712247731
-3971.897819681607
-2761.5332154758407
-3967.591792632436
-131.33287328551515
-3052.3181673819945
-647.586861712974
-3306.5776374927473
-771.5664421659873
-439.6814052768561
-1310.4482091513364
-1820.008570258852
-1719.5416724574995
-1037.7820038817213
-1541.5891467647245
-1412.5513214632633
-393.43779757729
-5.663952571890794
-398.5875881601576
-264.2254092338865
-139.83617251473902
-261.8510165887742
-517.3753026970212
-138.52942644510958
-132.9276643781799
-390.4567293268126
-259.86022213990424
-136.0807471677427
-414.89816835272484
-259.96272892601627
-130.88574765117988
-126.664042272069
-132.58327415430495
-411.73571059898364
-141.6859356111493
-273.5003089895408
-911.978212791152
-652.94036343068
-1032.027581644968
-664.675064687536
-500.12058093386975
-384.56815340398094
-386.84500702984326
-267.05503928861924
-799.4374167986448
-132.1183221743024
-252.19168786578473
-376.2307808194793
-2794.959312850168
-1625.6779348135078
-1440.6220161407464
-757.2092999087337
-1738.8331154211241
-1520.6633067033229
-2071.5346842165527
-1309.9586566593264
-1665.4731986728798
-4077.752347508997
-3703.45908755802
-3878.759422998953
-4035.477572549032
-4047.420830856524
-3627.1318883700433
-3806.51837932887
-3827.274538381461
-2977.3712978329045
-3969.4300281924675
-3767.813024458972
-3695.0492670936296
-3776.556163047426
-3762.9118207758434
-3814.1150359576295
-3715.4958623665157
-3845.811409906079
-3692.604119634013
-3941.027768417978
-4035.308954935424
-3967.984137598606
-3890.50074394431
-3281.4870510091787
-4013.817248900185
-4003.459562166273
-3940.2606581002606
-3825.956383676358
-3787.2850098832278
-3757.1175761884815
-3808.7960798870317
-3872.8713930646372
-3867.658576116161
-3809.8466327545743
-3839.7234854673825
-3796.131275626493
-3737.050033393125
-3794.306528999615
-3767.437139757949
-3799.172030103599
-3669.939934539207
-3723.1345764910047
-3825.071901852608
-3672.6037355544736
-3601.3584967460692
-3784.79239627198
-3824.168714668325
-3546.7459920745787
-3726.1129924319644
-3675.1815867780656
-3805.453467686516
-3822.2825963396367
-3803.497433215225
-3833.1629838038757
-3825.538121785972
-3760.8304722751195
-3787.248112095168
-3658.32223976162
-3874.467536368986
-3676.669731074788
-3763.2800797153805
-3734.6134566360192
-3898.332729873323
-3828.6834279626523
-3847.9557573787583
-3786.5732883078845
-3862.5558029032245
-3770.8632252145458
-3622.3128810060557
-3837.165773571207
-3775.7714294408033
-4088.9732416445504
-3819.3351596784873
-3673.475734719696
-3722.7345684344086
-3740.915866165876
-3675.4441289642
-3883.859349406406
-3800.2714936029997
-3892.926360838532
-3757.4940178657316
-4052.3646838640016
-3837.764447712253
-4130.10764108486
-3875.521047700248
-3842.50165365192
-3812.77686615773
-3836.519721553267
-3762.470398360775
-4031.871267354486
-3837.2843557120664
-3811.4045107246898
-3815.2821561729015
-3822.0584856742444
-3853.42497007335
-3841.309278582336
-3909.4343226603137
-3845.3563679855615
-3907.5687634915257
-4033.74242626578
-4052.158527024434
-4018.5360416072213
-3913.880177763012
-3845.021485720021
-4146.196636631235
-4080.5891015763345
-3898.281250521373
-3271.104745577639
-4026.3818013590153
-3769.0924237624804
-3920.006557449838
-3887.898213659479
-3798.0459180624166
-3795.93341897329
-3991.091728113072
-4143.260577031306
-3898.549949471641
-3729.605151717946
-4333.719168253722
-4047.59848129805
-3860.0349394320665
-3880.2988894904356
-3780.2458618067344
-4073.132366590204
-3931.8119079207136
-3886.454792032354
-4380.635673808199
-3830.4125601743453
-4209.924587615744
-4382.10899743597
-3802.0191875369032
-4340.831228029235
-4018.163712964606
-3794.3758359960734
-4440.359219121642
-3862.3960088125136
-3980.071131954043
-3993.371656783983
-4093.1739920384143
-4115.612840870146
-4092.739939762498
-3738.844523801394
-4099.958363935807
-4077.9892555663077
-4050.1815537744624
-3934.287320736396
-4394.895409194172
-3919.1393103832124
-3919.1760548636985
-3713.4924938654062
-3932.4332918590817
-3729.0795879917214
-3948.4287200057292
-3940.330495553854
-3868.260558047953
-3978.7438077304964
-3793.024776564157
-3925.4325655499715
-4115.621112519729
-3984.2768525431034
-3958.9920918250587
-3786.2653423128836
-4100.254253862704
-3842.2501633358097
-4040.9560357813543
-3849.5335500611573
-3855.728794441427
-3948.626198009202
-3802.5806633600237
-3795.1079739724532
-3827.0328377372357
-3853.4816802644127
-3818.0574164190684
-3824.0676042350656
-3833.446621834027
-3687.981375890864
-3881.2317864187708
-3770.701348616961
-2743.1054200273024
-3945.736334027183
-3867.1955785338146
-3877.0694444939268
-3830.0126000576524
-3822.2345864817385
-3913.063215509664
-3644.827362440326
-3763.809789385935
-3923.0729039446105
-3833.2173539124055
-3823.75895189247
-3917.466389508944
-3795.3987075851287
-3900.225361172016
-3750.912323652898
-3818.197564116971
-3793.800707446325
-3883.140078515094
-3596.245148860468
-3857.2523193898733
-3882.327743967562
-3842.7430790255266
-3726.2989199452945
-3655.0738367642853
-3865.5259664055893
-3804.777248972242
-3804.7399761083802
-3604.8390380510373
