-3932.224466665612
-3923.8690163631763
-3891.087539743547
-3890.972288416034
-3884.4089844200116
-3808.004955184891
-3726.243565740954
-3662.219807238774
-3601.231717474324
-3539.909265210339
-3468.4812814466836
-3385.3014802985103
-3320.886846048572
-3287.524807379246
-3253.39462458462
-3223.8428498284516
-3152.1697563746193
-3099.8368463288007
-3030.0219575159367
-3003.5583915755274
-2940.109002207332
-2879.504350268442
-2847.8464706813365
-2786.3322749741683
-2742.769129826744
-2746.231175395434
-2711.064326925918
-2583.339491859904
-2588.914950193371
-2590.5697939376955
-2577.639125928633
-2568.1636233014056
-2572.9049745257316
-2590.183721384622
-2659.9807473519472
-2729.373469672725
-2770.335904838106
-2811.2403550089457
-2870.464815585923
-2899.878566597224
-2896.8861376986515
-2872.546716829902
-2865.7344579038286
-2858.4646682291095
-2782.2098591033437
-2789.0860623310436
-2851.397190920829
-2882.2367484812053
-2891.7612939960723
-2906.279506122906
-2943.4410321710693
-2767.110086915416
-2601.343782005974
-2651.33512057347
-2709.9217492824455
-2746.091603504303
-2783.7105052592556
-2822.870573211032
-2869.5161421026173
-2902.4750584698245
-2884.567624841344
-2888.398555990018
-2912.7426720384087
-2954.648706194849
-2966.9194051678624
-2964.668847853948
-2787.966285822582
-2842.945678283116
-2900.531910271332
-2955.371694183497
-3007.562321280361
-3056.4584961484748
-3107.7808111160225
-3149.6216801490023
-3188.1526724656537
-3229.1441228874883
-3264.6771007988723
-3070.1887781857295
-3116.4837994236527
-2930.355289855506
-2981.547613717701
-2803.045876142646
-2866.028296048138
-2922.960618138741
-2960.4270150661873
-3005.2761764837232
-3056.7647986584566
-2873.824750960718
-2930.434786808888
-2981.0795838312165
-2958.7487579373524
-2950.6862639910073
-2957.7174914206307
-2939.4763974700154
-2822.383813886973
-2716.592276721378
-2577.6699327865613
-2494.662386428644
-2399.3571202811113
-2407.021980297075
-2361.1363904064683
-2392.934849179886
-2450.6839756212116
-2494.7377496903614
-2546.322470115364
-2631.5611714815846
-2694.1343491293787
-2764.8906593461093
-2826.5264706718517
-2865.5746772230145
-2887.829204005724
-2917.2408916554696
-2954.030503244556
-2972.3962822012413
-2983.9781934930616
-2958.1016963585735
-2943.9815488143936
-2956.5099324862663
-2973.6503312247187
-2994.3711911191776
-3021.9353240127916
-3054.6086507554937
-3088.415668607728
-3118.4379612113935
-3143.4500538068187
-3103.8971547459782
-3063.7005851079407
-3057.714848710659
-3081.9518938982883
-2946.6213553624075
-2989.3143033747656
-3028.616448303648
-3070.68565316571
-3114.7269620420534
-3150.408923021607
-3189.9924649172435
-3226.5124535336518
-3258.0122890564962
-3300.8454208940025
-3268.4866885689125
-3310.4329948127233
-3119.686987521091
-3115.644858312745
-2967.5613785167584
-2987.902354055317
-2854.922199341957
-2710.0077516980505
-2626.034179145248
-2577.672642612064
-2526.18478440279
-2436.880617571526
-2383.1631293231176
-2324.926420851526
-2209.0371034550717
-2076.834714402081
-1976.1398868275653
-1873.4250181719444
-1769.4096874325119
-1678.9561671818876
-1609.2613153127957
-1521.0174019807343
-1437.7320177245808
-1374.8955004207146
-1307.993383723866
-1237.6786255304985
-1188.311798099832
-1132.610853949403
-1072.5073475715096
-1015.7567492535431
-962.7663407475887
-929.7045029386724
-882.423388899021
-845.8880041044522
-849.8534166256541
-838.0386334339556
-849.6779703266163
-838.5777959882714
-818.2703630850073
-792.2482305041456
-767.9240370956875
-737.8718972272633
-741.5658284015461
-704.9989780279116
-677.8305406181839
-659.7345550302616
-787.848040499456
-838.117834158299
-874.2680850772458
-867.244557967135
-919.5398714143744
-955.6072775317111
-1022.5629219328015
-1039.806666016393
-1077.3466579757821
-1257.3709993477748
-1404.1362846403895
-1552.6136729419031
-1701.5855069183308
-1842.3356263546223
-1949.4234020755475
-2060.849100710747
-2166.8346269709896
-2215.4668272227045
-2320.7046192808903
-2407.531123591575
-2484.7822122016983
-2562.2886492524417
-2634.3260395438456
-2705.1133793286726
-2765.736328310943
-2830.5408332066513
-2882.264630392293
-2945.7904186738338
-3011.161530849529
-3068.5708872544733
-3117.8866786558633
-3127.702700997062
-3180.869573871249
-3230.2249731689503
-3272.8271142648287
-3306.0148704295207
-3334.891078796743
-3360.2246686402473
-3387.1389533150546
-3416.2828997000292
-3443.3654402849966
-3465.354311833171
-3487.816462251223
-3506.315351053739
-3520.1594319941023
-3536.6082578144333
-3550.457990731044
-3565.380833093397
-3571.6543791801455
-3580.743191018797
-3595.4029136688255
-3600.0349629819643
-3600.1143750078104
-3611.1950562836605
-3623.9734757867404
-3619.3398267640105
-3625.7462167040876
-3628.712338908526
-3639.316806635205
-3650.2947540174705
-3659.4869147693353
-3669.9074789114075
-3679.245317483881
-3684.140426771355
-3690.326887890784
-3688.4066090030337
-3699.570264644991
-3698.1962326307785
-3702.101263455854
-3704.051995046664
-3715.7088391362636
-3722.4873144658463
-3730.015421040621
-3733.4088930766566
-3741.15770766625
-3742.9400387191477
-3735.702409256362
-3741.7902111152525
-3743.8290842147853
-3764.537733660571
-3767.825579221646
-3762.164588551529
-3759.7987873445018
-3758.665812073784
-3753.6725110872085
-3761.4837213863602
-3763.8109877193583
-3771.5579101065086
-3770.714076572062
-3787.6131130095782
-3790.622193091738
-3810.991319971325
-3814.8631036350603
-3816.5214166360715
-3816.2967436073704
-3817.510122284124
-3814.2077388487232
-3827.2675505590687
-3827.8685588682483
-3826.8807159796347
-3826.1848023912303
-3825.937223388211
-3827.586488189319
-3828.4098556128997
-3833.2713236357445
-3833.9964262967333
-3838.4107665284205
-3850.130666112662
-3862.252337767368
-3871.629359997759
-3874.1644090636737
-3872.4158336630544
-3888.842681841145
-3900.347467025256
-3900.2234940350227
-3862.4763691275793
-3872.3106950614656
-3866.1175987835263
-3869.350936303505
-3870.463772944863
-3866.118701651916
-3861.9075846911983
-3869.6586332965107
-3886.074749920598
-3886.8232618936604
-3877.390175283117
-3904.769914861353
-3913.339628847554
-3910.1413474826245
-3908.350800003093
-3900.664503711311
-3911.0125754840446
-3912.2605354302445
-3910.7121908263707
-3938.9075998052804
-3932.397897427424
-3949.049498838723
-3975.0330687545575
-3964.6522358814977
-3987.222975410362
-3989.079419663616
-3977.3972046435633
-4005.174925512248
-3996.608190510264
-3995.6159669968906
-3995.481308384116
-4001.3428694033732
-4008.1990676913792
-4013.2715200156463
-3996.805900242791
-4002.9950480643715
-4007.4947005144877
-4010.055911710086
-4005.5097962516643
-4028.872933028215
-4022.2889156695146
-4016.1021440211657
-3997.94556501182
-3994.0148286226554
-3978.118714184799
-3976.3373145340547
-3974.1769053952426
-3967.8219245544046
-3968.47723754497
-3957.9500898861215
-3955.999038425952
-3965.5763628715786
-3966.69839225187
-3966.236014226261
-3955.437773911458
-3964.1267627085326
-3956.814166746169
-3961.86267888828
-3955.122931158652
-3949.1592829556184
-3949.1272978588336
-3940.334499788905
-3931.6209082399173
-3925.345624009756
-3921.0337873850353
-3914.855205127077
-3909.407949073556
-3904.8502694391846
-3891.838135826285
-3891.201754861834
-3883.9717304871415
-3815.5197518595505
-3823.3327467896083
-3825.9645166942605
-3829.0308123622403
-3829.089719623965
-3828.678411635431
-3833.7414998678846
-3822.406651622231
-3818.890839888053
-3825.141763731446
-3825.6262991423037
-3825.5142583073134
-3831.031386179411
-3828.893425463754
-3833.1733416062493
-3828.2376805290482
-3827.6352735443234
-3825.6051995784433
-3829.0572923146424
-3815.0885637073916
-3817.6183890483403
-3821.5009503434935
-3822.7754780644154
-3816.986884577268
-3807.2721017084887
-3810.7673335903146
-3810.4079285132298
-3810.0678513689386
-3797.754122569864
