-3926.5714950522847
-3795.0203299674918
-3409.2215581487944
-4189.639039044639
-3025.6597750517917
-2683.473692142231
-2173.979813862126
-2337.574781746472
-2298.9273593907424
-2318.9083179217323
-2137.2726645598405
-1925.0097887875065
-2043.7506095138729
-2222.522842081171
-2560.7779243636232
-2219.3671108537
-2315.315768784519
-1445.9894199040727
-130.89106393471306
-1823.1716930527623
-639.1207932325864
-247.57748390393542
-1234.823758762202
-122.71442948236866
-244.23835320829346
-509.46038750047745
-644.0702897706458
-1969.0775318856129
-2316.35157160823
-1164.7487736138296
-1323.9528909777198
-1145.1927418568084
-1123.8694397843024
-3.5104632924280965
-118.78508412336691
-409.62159832428415
-253.265540441189
-247.13602296660153
-504.0362936039245
-4.366953855905443
-131.37992019326964
-127.01342051809135
-251.87531451537026
-130.47365978735465
-249.01316769058576
-241.47757086581834
-383.96481261971286
-396.78233497977686
-508.8570178447386
-130.87873618749086
-262.4439253717302
-2.4674685847241475
-2.5298796262863
-127.96670108098155
-2254.620061001401
-260.26947838232604
-495.05108395971723
-248.91523363377604
-386.5863844112884
-251.4167471168584
-367.0479747985542
-127.20304597645094
-597.5173714152405
-266.51627096834665
-129.00060386058118
-3.0829019639818025
-3.5940686183283335
-122.76266947192723
-488.4499584275114
-530.062964139092
-346.96074865996405
-127.74679636868485
-357.17892964959515
-251.75592796910533
-126.6475307416051
-372.6248793538308
-249.84669639416143
-4.731707414118789
-121.85177950365922
-5.133304614942243
-128.1618230255226
-5.253792476392284
-241.5138730026827
-253.45130838442336
-130.2075094284249
-130.27066240896957
-395.05249149967767
-5.666319056101695
-356.49303355706775
-238.26086705383318
-127.93284013996383
-129.45811570700238
-131.46146232325464
-237.09496495484768
-122.76671381109155
-5.664354291624056
-368.6269668936313
-132.71807555223694
-133.9871282867185
-258.03814152703825
-251.20076416690958
-134.0843849924742
-819.6524468317273
-129.90677287315162
-387.2468715342327
-498.2481744064676
-6.274070812755446
-364.1578591981182
-380.4165133660858
-130.71186419867055
-127.10220019695441
-361.99371090419646
-135.45827722978467
-392.4526267830457
-134.63401854285672
-135.2850432967624
-9.673734695267422
-126.84422219256524
-126.71825202092215
-133.18584620343768
-127.77322482405347
-253.330555578608
-270.2216151341789
-259.15308343056637
-385.1148277815153
-132.43975291375145
-129.34524172741345
-529.7511107121776
-403.91533532122725
-8.143939843708253
-137.36081598379232
-134.24625753874406
-132.08910428127075
-246.14661719751876
-134.88669015160346
-252.15519144343193
-252.9379099493932
-130.89946985743475
-379.881606891311
-247.65475641339674
-275.80660393854293
-132.30271041202585
-7.346718737942303
-9.199688478085276
-370.48171037977744
-244.88786454303855
-285.6951031696929
-371.1707685698845
-134.56264626882097
-133.69995834728158
-127.2157774163768
-133.72111029253583
-376.9425538403109
-136.04556054151277
-12.554840434488376
-133.64172359207174
-131.60431507148968
-129.60850347853696
-134.09066737290178
-133.34344159810098
-9.240473015667781
-136.0925317219401
-246.41821207725098
-245.38391308586
-135.66208011877822
-253.57803686905834
-127.89287084872596
-254.1201546722565
-127.65539518561857
-128.49984012297682
-248.91177433514443
-135.15575541459913
-263.12996433262373
-132.8711126301271
-6.183827330900649
-128.2538306467381
-254.0960402289644
-246.345285752818
-248.33795408695886
-249.72277495929856
-260.5030417385698
-267.24380222207253
-264.2333478533252
-124.65500756235414
-253.28549230361742
-380.6659796490828
-257.59629409790824
-134.40976358912434
-131.93498020528602
-1281.3541110143365
-500.4787841933932
-128.02285477303533
-6.675744586543446
-135.4365381808344
-452.9808618039784
-6.207218207386139
-501.4944312281335
-132.92246724414264
-261.0058362192455
-8.709190373134566
