-3926.5714950522847
-3918.678425147197
-3888.111013127292
-3906.202694682333
-3853.3701195045
-3783.1763338627634
-3686.6245426627247
-3605.6815570077492
-3527.2763051507286
-3454.7742259169886
-3375.72413223556
-3288.6812716286763
-3213.985431901788
-3154.4976765125507
-3118.874491383615
-3064.90404855182
-3019.9287517657817
-2925.492391854079
-2757.816312178917
-2701.7376350313475
-2577.9806245234217
-2438.156436086252
-2365.9564754468092
-2231.3619526889424
-2112.1345367201034
-2015.9740877669258
-1933.659859887149
-1935.7849202070568
-1958.6189192911272
-1910.9867105504893
-1875.764681376123
-1831.9303650049642
-1789.4467094917245
-1682.2905347197666
-1588.4802076839824
-1517.7486911224005
-1441.8797020815275
-1370.1950813346318
-1318.2255540707893
-1239.394038057896
-1172.9131909860184
-1110.159204757943
-1058.6621713433885
-1002.9708606500265
-957.73339907246
-914.7580493800615
-882.9104551744406
-853.7427679627607
-833.0496229556794
-790.919369749588
-759.2108430869165
-713.806240616785
-671.129658957355
-638.5398814847725
-735.5046922557702
-706.9905794233636
-694.2742096955448
-667.5526711318386
-650.6946939286055
-626.7380171199006
-611.1566145806198
-582.1194004643696
-583.0432787214219
-564.0516582562373
-537.9485949924979
-505.8566534107869
-475.7208983232394
-454.54340459216064
-456.57779782228164
-460.9869078012903
-454.1453382528107
-434.56142573976314
-429.91847597435304
-419.2287230940382
-401.6738515528922
-399.93091322094847
-390.9258602113412
-367.75421104350784
-353.0000651511169
-332.12805951894643
-319.890085329341
-301.01190775816406
-297.44202567283514
-294.8025826355304
-284.92687824310406
-275.647505293056
-282.8118044654533
-266.1830753408922
-271.60167283386266
-269.6012244870609
-261.10112142623507
-253.2025410830811
-245.8980763574915
-245.36988967333286
-238.0136991215984
-224.0727384317999
-232.74599213950978
-226.7443171442734
-221.17888581282008
-223.39044115567316
-225.05906053634735
-219.60058000371495
-255.6036920133957
-248.06187686498103
-256.4129765451361
-270.923088416816
-255.0441473605723
-261.59097007082505
-268.7205026685407
-260.4399843603485
-252.43971731054484
-259.0129569261639
-251.59967614438114
-260.05085318270096
-252.5258431043103
-245.49139511585742
-231.342335490622
-225.0724486927386
-219.1711968924296
-214.01207585109006
-208.83774478946785
-211.50731343681625
-215.03017153865798
-217.67754625217248
-227.72378314393302
-222.0067413301221
-216.44705135395958
-235.24529491545263
-245.36549733979908
-231.13220389003362
-225.50592061565914
-220.0303408310442
-214.75386663805781
-216.63743167162548
-211.73238718042413
-214.1577554362046
-216.4845647069959
-211.34945901602222
-221.46138788853955
-223.03299000003096
-226.19940683634167
-220.5656050508827
-207.77247187210625
-195.858104868465
-206.33552119914376
-208.64866179977741
-213.2714482819723
-222.74540749924702
-217.45444182542147
-212.4291728167331
-207.3163690927117
-202.90065356470114
-213.3431675812377
-208.7053111588542
-196.9362829153922
-193.13860935599297
-189.44655169892275
-185.85626880569959
-182.75033271973172
-179.78591925243384
-169.55319247822786
-167.54555283285057
-172.2779123875146
-176.66427242941532
-174.2041408907771
-178.96657464947396
-175.90215242142907
-180.59523255647872
-177.4188423142271
-174.48370218275207
-178.9493865118956
-176.32176864605782
-181.5302603872518
-178.6107115218243
-168.26509847036888
-165.86442240095104
-171.15831947063182
-175.669537447563
-180.02964244592673
-184.21123039672904
-188.78873907723946
-193.49604286592944
-197.74028116517317
-193.35516474900402
-196.9509844022808
-207.97388411708891
-210.95122871593807
-206.35874080832926
-201.89331517214666
-266.66096292267804
-280.6900321989209
-271.53000155336775
-255.63874613535828
-248.42661365808684
-260.6998685468403
-245.43030952647305
-260.7941568285727
-253.12185545350687
-253.59489429945117
-238.90175206387215
