-3684.532090728834
-3681.193760040848
-3707.8259154107127
-3722.943565808079
-3714.330207886268
-3716.646672249826
-3708.756721938426
-3702.0877834184184
-3718.899673683669
-3711.2344786638228
-3703.1369177671527
-3695.836188075149
-3692.2930583853945
-3680.315088007265
-3620.679637863316
-3590.514176688274
-3548.799796211981
-3466.496303276634
-3397.212789367027
-3351.8429273991187
-3296.11576258021
-3238.0028197806123
-3168.850605631757
-3121.7431001473774
-3084.568181516035
-3072.2282231830086
-3018.443840482594
-2973.538731757928
-2935.8918837982346
-2898.3510509152675
-2855.1144404979536
-2817.0756937278243
-2780.9812478717463
-2747.686248403619
-2715.39547238299
-2692.2561755890288
-2677.8151074400457
-2635.67729528644
-2603.886130394644
-2558.18668703154
-2513.5555876087874
-2485.501677951912
-2484.335308467869
-2429.1774425147237
-2391.6591137947403
-2419.8887214287247
-2433.104577101763
-2457.50284375424
-2443.217277384093
-2395.96033531037
-2348.1371457993428
-2284.5130457297455
-2187.5147536864747
-2102.9975535940907
-2000.2464455129093
-1895.5792123078495
-1875.06339631629
-1778.2081615250174
-1701.4311758214585
-1699.6212516722817
-1703.241610763431
-1724.0204309759274
-1747.5203674095699
-1689.159414751987
-1660.220745593644
-1568.607984516284
-1474.617901669583
-1410.16858889083
-1408.9704870048624
-1365.894509020421
-1317.9898596462185
-1435.007462952987
-1370.7365265295557
-1303.9748620727878
-1243.4018429054097
-1190.590961722382
-1134.7166688652667
-1066.875056342196
-1034.716649422043
-972.8860621084318
-930.2970180714617
-874.6289615282145
-1015.7941101380254
-970.9644053360539
-928.2242299634026
-927.0948382986971
-994.3026022880484
-934.7560666865825
-916.8815765767281
-892.6705012242791
-854.8780808351828
-811.8402007852018
-770.9111050355194
-746.8270555081527
-717.145286965889
-674.2258363468583
-656.3945810925686
-640.9025852032074
-610.2846725999693
-581.25512888753
-569.6146525734698
-542.9674849492484
-547.5328992480568
-530.4448618677928
-513.6368941641714
-504.6874826595427
-474.515359858487
-467.7742320552647
-462.3275230005598
-634.7721949219732
-604.465327806813
-597.0642598060103
-577.1634567528723
-717.7388417831255
-691.2586545958087
-657.6050238007801
-626.2441175919364
-596.3589521832685
-576.419714357403
-557.6381572999378
-531.7687785921544
-523.0335220941381
-544.2561563925932
-526.9509557306269
-510.4628565392689
-495.0511524234554
-480.51056278098156
-473.97389196420187
-474.8575760755985
-446.53911336716516
-443.5188141900798
-424.6788460903627
-406.97508031418715
-397.0702780331513
-381.02064692423914
-390.5987154865609
-382.70019986118257
-367.3175658290222
-368.2639517563689
-360.97951705788046
-363.20209443309056
-349.02874062212305
-328.1772623457395
-308.6212138947068
-312.35089587753686
-308.31068514153947
-307.0151926058251
-309.62247768136245
-298.7424734336265
-288.6710563631855
-278.6150323372959
-269.8670648899684
-269.4114697358519
-260.95300988412083
-245.46030158824314
-245.71701808386774
-238.5402207390567
-231.57854657303025
-225.3610516742958
-219.47301927208392
-206.39327319303345
-201.77612648381697
-204.64332143651066
-207.7397746914125
-203.1703896740804
-221.43189079693224
-223.14784054807888
-217.26358122577187
-211.85900308278988
-206.9078553370091
-209.449436584474
-204.5923560283613
-199.69964243412866
-195.33718743706902
-183.7304443356248
-180.14613925930558
-184.34851536670544
-187.70554241268206
-183.46350856927643
-187.66909075994852
-184.3269190131456
-180.99106311436583
-177.74798874427663
-174.194800042597
-171.12268720436577
-168.43542043948116
-166.06216920386802
-163.7257790403568
-154.01906775793935
-166.34812665558766
-171.40404120128824
-168.54667242173144
-158.5753233045308
-156.89016040873636
-171.62676122018738
-161.4053873521765
-167.0316910359076
-164.8286265525705
-162.87120398860128
-153.18705462682013
-159.47192699568154
-164.43255694892935
-154.66829921255774
-160.57938961805428
-158.3810020883423
-156.66812989823916
-154.87390000185155
-153.1824230476727
-159.4550453788449
-157.47567447706973
-169.21827526985467
-159.16299125839762
-165.16659005850207
-170.1211117601412
-174.8196133723166
-191.3066394576198
-179.98086551080735
-176.5031920408154
-180.58019300485145
-176.84455432550496
-180.0783910923221
-192.73489105365437
-188.85968866688805
-199.78213775276112
-195.00539224078324
-190.93583640800722
-193.98618260098988
-213.62688141486814
-208.0626628876984
-202.97482514236705
-198.49266647765765
-193.90644675970287
-196.7697242843341
-192.71020739066216
-188.79377872224487
-184.9012713642736
-173.94166156995294
-163.7745442939729
-161.47569003157045
-166.3823242908962
-156.56129541398505
-154.86822132340035
-153.57399991284652
-159.11092937675502
-164.27518250260744
-161.87407080537062
-166.5573078101915
-170.96718535360313
-175.82202395879807
-180.53916183074273
-177.48027676657497
-189.55475759608052
-185.84392769301826
-196.48403582314307
-192.46201557015112
-194.87289830480532
-198.20699672480276
-200.75552579730933
-196.31451574521438
-209.90900116280827
-205.262554221025
-200.9702755767485
-210.83755680728572
-205.8019875676824
-208.7970315684032
-203.90517988165857
-207.1203494987305
-202.40063606271016
-197.9690146036597
-193.89989466147117
-204.62607489815935
-208.8743224735485
-219.54802988940793
-214.15128377688472
-208.89221877015595
-204.14910559579297
-208.1259460121862
-195.76026904021114
-191.7548918115916
-195.74498287461046
-191.51712186354152
-187.37342608556168
-196.68098237866812
-192.64699155385577
-188.89704282834148
-195.73336541656136
-198.7385316922232
-194.06906062408768
-196.9275842742187
-199.61104844714148
-202.0279754498344
-204.76748429194132
-207.31596318218473
-209.13794996994238
-204.46159132716315
-207.04215004316703
-201.9898618934813
-204.27384892191776
-206.30420897392327
-201.37637432066953
-189.45603817386535
-185.74747799094652
-182.08178598769106
-178.5801751158894
-182.87624593251047
-187.3728512125095
-184.0143966757633
-202.1619832813805
-197.52114583720703
-193.06351573685313
-189.1084155540145
-185.45594728843403
-181.91696048499563
-186.16760230743026
-182.70879588285104
-179.53364133269795
-176.2547377713647
-173.28926782291538
-170.58331133518143
-174.73208793270183
-178.0911631861838
-182.98517429798326
-172.19475796887116
-169.2995859742847
-180.94996862339312
-170.23459024841242
-167.3407345115724
-172.2713834221242
-169.4177347738586
-167.0843626113667
-173.99658888511777
-171.32023116770358
-181.63368630815486
-185.34288365276262
-181.7412440224315
-178.53354561817056
-175.6091759952861
-180.2406407129409
-184.74570884448897
-189.99929209295658
-186.11771291697175
-189.9425756912759
-186.2710586016342
-182.40308120415472
-171.6034268711051
-168.93165771905362
-166.36474061461732
-170.7880898083193
-168.01208962089163
-165.42726311420415
-163.2598545922109
-169.46309451010373
-173.6220612401154
-193.66555415203263
-189.68372073453796
-194.7563449101563
-183.2647948791268
-194.94962261375056
-190.98852481521595
-194.88970093911792
-190.56496722220052
-186.84413158316733
-183.43618604965746
-187.114444381356
-183.46562513138042
-179.61560439600285
-176.45116413369743
-173.53368579338522
-163.28320767069076
-167.99218117649733
-165.05989227626958
-155.3441684424448
-160.68670609759008
-158.63467761421316
-156.7856194107908
-166.55649532546184
-164.0386906945112
-169.15531094468372
-159.26454344788436
-157.0038801690501
-154.65798284396564
-187.17347918009062
-194.70533112781382
-198.2512835868969
-207.43467811506417
-210.04634464099672
-205.0177024365236
-208.01499541902584
-203.2412505268895
-213.7739025520852
-201.05924133784976
-230.16362522424117
-235.91579599049024
-229.09255306521024
-215.50969680298718
-202.77826197123048
-205.4930161597101
-215.7252980861728
-220.1809615396773
-207.07700638161947
