-3684.532090728834
-3628.893245929069
-4125.063016205263
-3959.786755366819
-3579.3876004445715
-3752.9379472789074
-3585.147500393161
-3597.6077466049655
-3982.2859545059296
-3591.1464233529005
-3576.2751303859905
-3581.4580895670993
-3636.784026579242
-3492.6602187498984
-2686.3909189414567
-3117.9219516126136
-2895.274502083399
-2177.0749139562004
-2311.7710714498576
-2641.048423235223
-2423.0568470839735
-2327.5667159202562
-2085.465917299691
-2383.725514225437
-2502.1611229583436
-2878.9022092989344
-2175.8218448427724
-2270.025361738158
-2346.091265763043
-2310.211335748788
-2177.7408772933672
-2221.1353276624714
-2215.5015961265244
-2226.0645900696327
-2209.5066480598093
-2329.740525816974
-2451.571706439311
-1975.51823821329
-2105.824547089845
-1842.2287410095719
-1814.3350299856702
-2045.9904266608612
-2466.062186551201
-1565.037542582118
-1803.8719638483403
-2862.1525743611496
-2640.152982646034
-2839.742354643053
-2219.4100709184595
-1655.6015761553765
-1598.9071767932605
-1287.7354779727227
-667.8748450085677
-778.8947521467402
-390.4790855744033
-255.792558761912
-1553.6489457818584
-260.80948312841684
-498.59173313236994
-1671.2657733351787
-1759.9605698581056
-2049.555280971703
-2115.686038203304
-774.8378231165259
-1206.84826211294
-133.34139430431085
-2.1066037379392535
-400.4626886903663
-1390.2002241247042
-691.0375205975101
-567.483686117049
-3268.28324809236
-363.8251892291363
-258.0421189167572
-294.4245426164881
-363.2204898549515
-259.35274743712955
-4.023126814094571
-530.9016076729777
-4.206860861857112
-263.06866149226323
-2.4960756840092797
-3227.3814383583976
-268.6323634385024
-258.6281491252013
-909.4010355516439
-2047.224238121219
-1.8603422636161013
-636.8478981890103
-513.3636540359114
-262.79682807267505
-137.58008000216554
-129.68860495716467
-369.5102795794099
-252.13091313709126
-1.8211099820450503
-377.0382487753632
-398.194649603215
-130.6040418159061
-126.45894405931308
-387.24719031986183
-125.49519216977971
-619.0577232627224
-262.7322762436576
-250.31206680743628
-364.480035753693
-1.8187693086142926
-362.16322980478196
-376.99574781018316
-3336.40538835745
-129.65774300263763
-481.11419446010217
-265.38420892037686
-2920.086540590428
-276.40238866117824
-130.36480801199951
-134.92325365338505
-128.15802744747248
-264.0383217521795
-263.3937633996491
-126.48184550354786
-386.18117029188465
-876.7440937350563
-255.83614535982298
-252.14930254132744
-253.6011212757117
-252.70799171555925
-371.56604916798733
-488.70196048748005
-2.883197601710515
-396.2007937490771
-129.51934586146186
-129.6160831541047
-241.89504229692304
-129.5764262179485
-540.6551229629358
-258.95678839692323
-126.32296599184387
-383.0906646181339
-246.85670678156137
-398.02247331138267
-126.97953091696554
-1.504102682397627
-2.243121495194249
-370.78258027520815
-245.0140502775806
-286.7191428796344
-350.46994386478104
-128.28907355243012
-130.88552225961033
-121.0706559316918
-132.81557488183802
-262.2738123213604
-128.43713887366735
-2.741204952826239
-249.73890984865326
-126.10372900368375
-122.51231797194929
-127.95363159412291
-127.22717830409837
-1.4772512879096087
-129.4408280394256
-249.562709028712
-256.25087568487464
-131.58335773587774
-507.52874172161137
-250.0310533160429
-125.07685184296247
-127.18727884273879
-129.3398739864436
-249.267542794758
-128.49809398259603
-123.04712945781739
-126.9920591498014
-1.8914690796657634
-123.99202639697137
-250.18574104930377
-240.29896613298277
-117.0049783559218
-253.55654508047812
-131.96622831323364
-128.72932070014943
-126.93982361287937
-118.52817704961588
-122.99291940541015
-126.33490778962224
-128.88123317926207
-127.12233314534785
-1.9472576667330834
-359.50338271874466
-250.6133690839306
-123.78122820867485
-2.3575204683873303
-130.48927504129045
-402.50017393291995
-1.2705300866726346
-255.17711541436177
-130.3139496469561
-132.20491715308333
-1.4687146255822414
-257.93492744117754
-242.14909288314527
-1.6949280094028034
-253.18647263750017
-123.93959745618807
-129.83313225329002
-126.7642982917793
-126.68261743220451
-257.7261285672092
-126.4655303492591
-353.1856876901525
-1.6302084122374423
-259.22297126013854
-247.74195175248738
-248.4294719630651
-449.60338146070364
-2.5437403440790627
-122.01964101094187
-244.4532081080832
-118.31954834907665
-230.74183377245757
-391.0200571145269
-128.14818460754955
-370.90050676477284
-120.16971255313005
-127.17946169451626
-241.774939624385
-521.3311628322948
-120.88990596203949
-123.26536713217598
-128.27218073054416
-122.05567117841183
-241.62773883689025
-129.11110938980187
-127.43639625037405
-123.91865608939092
-2.2411081255960013
-4.489706970285674
-125.46030658726582
-243.25292768700012
-2.698509675710275
-128.3433939042401
-133.29786448083678
-245.85615764465524
-245.1818148076284
-124.25665421532764
-239.92802088571867
-240.0552668670519
-251.88116210685212
-254.44098849120917
-129.55774409461392
-378.721623925001
-127.70759254504294
-363.1790631950986
-129.45036493994382
-232.64339448105454
-250.4412053047631
-240.68248126657906
-126.73869159572705
-422.8892727051128
-132.46821879975366
-133.72457681641683
-365.42496275236914
-126.91140281389731
-255.71938757969596
-127.26617012265892
-257.49134016619064
-128.45845889839174
-128.54027841186914
-130.1503489005174
-372.66956527294104
-275.43020115464503
-386.76944607120583
-129.6022613473547
-126.50020033140542
-129.8403325307733
-270.4297792023466
-2.031329812602019
-129.003981896552
-258.2564095285728
-125.28063269012827
-122.45552556387781
-342.4993643040025
-129.44780196512934
-130.14784612861789
-302.83575263200623
-245.81947001092576
-120.91401388996478
-241.71112145960487
-241.65198715626508
-239.89316515869
-247.6864561516167
-247.24213246266496
-237.68240964481245
-131.19863925695535
-247.4709032605614
-122.83734754840522
-240.056312367422
-238.11318312200967
-124.17363141969459
-2.7041052072663976
-127.6467017918851
-124.65261127002255
-123.72160479099665
-250.18135539290748
-257.81966726582743
-131.39860893340634
-486.4741734360501
-124.81469254515633
-123.22731083130883
-127.14517935620945
-128.23394446100698
-126.4728338977942
-252.7609908589063
-128.52082856444366
-129.78955338030005
-124.88524864381048
-126.83023863054305
-128.18999302734986
-239.7295879605213
-230.7166754907345
-259.6580150495086
-3.1449021461149727
-123.94189139243026
-363.4726301260915
-2.3603290403818367
-122.00366130107886
-249.5182163541022
-124.71057261769805
-130.52819873232718
-282.2881338405513
-129.39062692821477
-343.21115017522504
-243.4536420516177
-125.31555648057721
-128.27960395141605
-129.79405190342993
-252.80025462286608
-255.32510957207592
-272.30542965228284
-125.3063058265428
-249.8654258220409
-128.75062419724816
-121.80476864364323
-2.408842319994579
-127.07394100358037
-126.14970597844872
-240.08722717631701
-124.52142001785793
-124.93164784276722
-129.30378774765035
-266.6471865570915
-238.77920667696552
-507.6802764387358
-127.3016638604549
-274.22745699484346
-3.2305110596650732
-378.0119237895232
-128.93132597150708
-256.00812688024894
-122.81080565716147
-128.55103990498097
-130.04503935800335
-244.74049157796665
-126.30079021509667
-119.29861287508776
-126.87493335757924
-127.82652512849384
-2.692383748477565
-241.76609943413368
-119.12069950603497
-3.131161712523323
-244.38646269486628
-126.48623137464129
-127.81704089050679
-319.6335513219749
-124.5930848096179
-249.31569486405357
-4.309185998027738
-121.58682213397971
-117.90559141764244
-696.5829217793821
-312.7043449754775
-253.80453877919848
-351.3078590563515
-250.96245354727324
-126.2356412331116
-254.9725854782276
-128.45258055008708
-378.785450946818
-1.8628823148280989
-686.13230611104
-326.03313799505884
-122.19508056915703
-2.7116153614925165
-3.3191162737093824
-248.02416511255774
-376.0310482674222
-289.98635564458147
-1.7817089053799962
