9.0
8.94
9.003599999999999
8.943383999999998
8.946780959999998
9.009974102399998
9.009375656255997
9.068813116880637
9.244684329867798
9.17000327007573
9.219803073871185
9.266614889438914
9.430617996072579
9.464780916308223
9.556894061329729
9.583480417649945
9.608471592590947
9.51196329703549
9.541245499213359
9.508770769260558
9.478244523104923
9.509549851718626
9.538976860615508
9.686638248978577
9.645439954039862
9.60671355679747
9.57031074338962
9.596092098786242
9.620326572859067
9.643106978487522
9.604520559778269
9.748249326191573
9.823354366620078
9.773953104622873
9.8475159183455
9.85666496324477
9.865265065450082
9.753349161523078
9.768148211831692
9.84205931912179
9.851535759974482
9.860443614376011
9.80881699751345
9.760287977662642
9.654670699002883
9.67539045706271
9.574867029638947
9.60037500786061
9.564352507388971
9.530491356945632
9.618661875528893
9.58154216299716
9.72664963321733
9.62305065522429
9.885667615910831
9.89252755895618
9.958975905418809
9.90143735109368
9.967351110028059
9.969310043426374
9.911151440820792
9.916482354371544
9.92149341310925
9.806203808322694
9.757831579823332
9.712361685033933
9.669619983931895
9.68944278489598
9.70807621780222
9.605591644734087
9.629256146050041
9.591500777287038
9.496010730649816
9.466250086810827
9.618275081602178
9.581178576706048
9.606307862103684
9.569929390377464
9.595733626954814
9.619989609337525
9.582790232777274
9.547822818810637
9.574953449681997
9.540456242701076
9.50802886813901
9.53754713605067
9.565294307887628
9.59137664941437
9.495894050449508
9.646140407422537
9.607371982977185
9.570929663998552
9.536673884158638
9.50447345110912
9.594205044042573
9.618552741400018
9.641439576916015
9.602953202301055
9.566776010162993
9.532769449553214
9.62080328258002
9.643555085625218
9.724941780487704
9.74144527365844
9.816958557238934
9.767941043804598
9.901864581176323
9.967752706305744
9.969687543927398
9.971506291291753
10.453215913814248
10.906022958985393
10.851661581446269
11.100561886559493
11.334528173365923
11.434456482963967
11.46838909398613
11.500285748346961
11.410268603446143
11.325652487239374
11.24611333800501
11.41134653772471
11.386665745461226
11.243465800733553
11.108857852689539
11.102326381528167
11.156186798636478
11.266815590718288
11.07080665527519
10.946558255958678
11.129764760601157
11.121978874965087
10.994660142467183
10.87498053391915
10.822481701884
10.89313279977096
10.959544831784703
10.90197214187762
10.907853813364962
10.793382584563066
10.805779629489281
10.817432851719923
11.008386880616728
10.947883667779724
10.95101064771294
10.833950008850163
10.843913008319152
12.473278227820002
12.504881534150801
12.294588642101754
12.156913323575647
12.027498524161107
11.96584861271144
12.087897695948753
11.902623834191829
11.968466404140317
11.850358419891897
11.979336914698383
12.040576699816478
11.918142097827488
11.803053571957838
11.634870357640366
11.476778136181945
11.388171448011027
11.244881161130365
11.470188291462543
11.38197699397479
11.299058374336301
11.221114871876122
11.087847979563552
10.962577100789737
10.904822474742351
10.79053312625781
10.62310113868234
10.585715070361399
10.550572166139714
10.637537836171331
10.59928556600105
10.443328432040987
10.416728726118526
10.391725002551414
10.24822150239833
10.23332821225443
10.219328519519163
10.086168808348013
10.08099867984713
10.076138759056303
10.011570433512922
9.950876207502148
10.073823635052019
9.949394216948898
10.132430563931964
10.064484730096044
10.000615646290282
9.940578707512863
9.944143985062091
10.067495345958365
10.123445625200862
10.17603888768881
10.22547655442748
10.99194796116183
11.41243108349212
12.047685218482592
11.924824105373634
12.109334659051216
12.162774579508142
13.173008104737653
13.042627618453393
14.120069961346188
15.612865763665415
16.89609381784549
18.76232818877476
19.796588497448273
20.588793187601375
21.57346559634529
23.15905766056457
24.169514200930696
25.47934334887485
26.890582747942357
28.397147783065815
31.793318916081866
33.84571978111695
34.15497659424993
34.62567799859494
35.36813731867924
35.88604907955848
38.77288613478497
42.86651296669787
45.33452218869599
47.11445085737423
56.287583805931774
64.91032877757587
73.01570905092132
80.63476650786603
85.99668051739407
89.23687968635042
95.52266690516939
99.87130689085922
105.87902847740766
107.2662867687632
111.0303095626374
116.36849098887915
117.48638152954638
121.4171986377736
123.25216671950717
127.85703671633674
132.18561451335654
125.51447764255515
129.80360898400184
131.6153924449617
132.23846889826402
133.06416076436815
133.84031111850607
136.5498924513957
134.95689890431194
134.7194849700532
136.23631587185
140.062136919539
143.65840870436665
142.95890418210462
146.38136993117834
147.55848773530764
146.38497847118919
149.60187976291783
152.08576697714275
154.96062095851417
157.6629837010033
160.20320467894308
162.5910123982065
162.0155516543141
164.29461855505525
163.73694144175195
165.91272495524683
164.717961457932
166.8348837704561
164.20479074422872
163.11250329957497
161.66575310160047
159.70580791550444
159.78345944057415
157.8764518741397
156.0238647616913
154.7024328759898
153.4002869034304
151.69626968922458
154.5944935078711
154.19882389739882
156.94689446355488
154.13008079574158
152.32227594799707
151.76293939111724
147.8771630276502
147.5845332459912
144.12946125123173
140.4016935761578
137.25759196158833
135.14213644389304
132.43360825725944
130.66759176182387
127.74753625611443
126.20268408074756
127.09052303590269
127.38509165374853
127.72198615452362
132.05866698525222
133.55514696613707
132.62183814816885
131.9245278592787
132.10905618772196
131.14251281645863
130.5339620474711
134.70192432462284
138.61980886514544
138.3426203332367
140.4220631132425
140.03673932644793
138.95453496686105
139.43726286884936
139.23102709671838
138.85716547091525
138.86573554266033
138.45379141010068
138.30656392549463
142.00817008996495
142.78767988456707
146.22041909149303
149.44719394600344
152.48036230924322
155.33154057068862
158.0116481364473
160.53094924826044
158.57909229336482
161.06434675576293
159.92048595041715
157.9452567933921
160.46854138578857
162.84042890264124
165.07000316848274
167.16580297837376
164.45585479967133
161.78850351169103
163.24119330098955
163.04672170293017
165.26391840075436
164.5280832967091
156.03639829890653
156.69421440097216
155.15256153691382
146.863407844699
150.05160337401705
153.048507171576
155.86559674128145
154.43366093680453
156.56764128059626
158.75358280376048
158.88836783553484
156.79506576540274
158.72736181947857
161.20372011030986
158.19149690369125
154.76000708946975
152.91440666410156
153.57954226425545
152.04476972840013
149.16208354469612
150.29235853201436
147.63481702009346
146.75672799888784
145.81132431895458
145.70264485981727
148.1804861682282
151.28965699813452
154.21227757824644
156.95954092355166
154.80196846813854
156.07385036005022
155.6494193384472
154.83045417814037
153.28062692745195
156.08378931180482
157.99876195309653
155.47883623591073
148.0101060617561
139.84949969805072
143.45852971616767
135.5710179331976
128.09675685720575
130.5509514457734
130.517894359027
131.86682069748537
131.93481145563624
134.15872276829805
136.24919940220016
140.07424743806814
141.68979259178406
143.628405036277
145.33070073410036
145.13085869005434
146.14300716865108
146.254426738532
149.11916113422006
150.01201146616685
153.01129077819684
153.73061333150503
156.50677653161472
152.87636993971782
152.58378774333474
147.02876047873465
141.08703485001055
136.1018127590099
128.5357039934693
122.02356175386113
115.30214804862945
109.22401916571168
104.05057801576896
99.06754333482283
98.46349073473345
101.97568129064945
104.01714041321047
104.85611198841784
105.70474526911276
107.762460552966
113.29671291978804
118.37891014460074
123.2761755359247
127.8796050037692
131.36682870354304
134.76481898133045
134.3589298424506
135.71739405190357
139.57435040878934
143.19988938426198
143.36789602120623
146.76582225993386
149.95987292433782
150.56228054887754
149.2685437159449
149.9124310929882
150.9976852274089
153.93782411376438
156.7015546669385
159.2994613869222
160.78149370370684
162.47460408148442
163.88612783659534
166.0529601663996
166.40978255641562
168.4251956030307
167.37968386684884
168.4969028348379
169.2470886647476
171.09226334486272
170.78672754417096
172.5395238915207
172.02715245802946
173.70552331054768
175.2831919119148
175.5062003971999
174.33582837336792
175.87567867096584
177.3231379507079
176.1637496736654
174.17392469324548
175.36348921165072
176.84167985895166
178.23117906741456
177.73730832336966
176.91306982396748
176.6182856345294
169.80118849645763
162.61311718667017
157.23633015546994
152.90215034614172
150.2680213253732
147.7919400458508
140.18442364309973
138.79335822451375
141.98575673104293
140.66661132718033
139.5466146475495
143.17381776869652
146.58338870257472
146.42838538042025
149.64268225759503
152.66412132213932
155.50427404281095
158.17401760024228
160.68357654422775
161.84256195157408
160.89200823447962
163.23848774041085
165.44417847598618
167.517527767427
166.70647610138138
168.7040875352985
170.58184228318058
171.92693174618975
173.61131584141836
175.19463689093325
176.68295867747725
178.0819811568286
179.39706228741886
180.63323855017373
181.7952442371633
182.8875295829335
183.9142778079575
184.87942113948003
185.7866558711112
186.63945651884453
183.60108912771383
184.585023780051
185.50992235324793
186.37932701205304
187.19656739132984
187.96477334785004
188.68688694697903
189.36567373016027
190.00373330635065
186.2835093079696
183.68649874949145
180.16530882452196
181.35539029505063
182.47406687734758
183.52562286470672
181.6940854928243
182.79244036325485
183.82489394145955
184.79540030497196
185.70767628667363
183.5652157094732
181.6713027669048
182.7710246008905
183.80476312483708
184.77647733734685
185.68988869710603
186.54849537527966
187.35558565276287
188.11425051359709
188.82739548278124
189.49775175381436
184.90788664858547
181.79341344967034
177.4258086426901
177.2802601241287
178.64344451668094
177.8248378456801
177.53534757493927
174.8032267204429
176.3150331172163
177.7361311301833
179.0719632623723
177.02764546662993
174.44598673863212
172.1392275343142
173.81087388225532
175.38222144931999
176.85928816236077
178.24773087261912
179.55286702026197
180.77969499904626
181.93291329910346
183.01693850115726
184.03592219108782
184.99376685962255
185.8941408480452
186.74049239716248
187.53606285333274
188.28389908213276
188.98686513720477
189.64765322897247
190.26879403523412
190.85266639312007
190.08150640953286
190.67661602496088
191.2360190634632
191.7618579196554
192.25614644447606
192.72077765780747
193.157530998339
188.82807913843865
184.57839439013233
180.94369072672438
179.6270692831209
177.66944512613364
176.1892784185656
173.95792171345167
171.86044641064456
170.06881962600588
167.8446904484455
166.95400902153878
168.93676848024646
170.80056237143165
172.55252862914574
171.079376911397
172.81461429671316
174.44573743891036
175.97899319257573
177.4202536010212
178.7750383849599
180.0485360818623
181.12562391695053
182.2580864819335
183.32260129301747
184.3232452154364
185.2638505025102
175.82801947235959
177.278338304018
178.6416380057769
179.92313972543027
181.12775134190446
182.26008626139017
180.68448108570675
181.84341222056435
182.15280748733048
179.08363903809067
177.57862069580523
178.9239034540569
180.18846924681347
177.83716109200466
179.16693142648438
180.4169155408953
181.59190060844156
182.69638657193505
183.73460337761892
183.09052717496178
183.50509554446407
180.0547898117962
181.25150242308843
182.3764122777031
183.43382754104093
181.18779788857844
182.31653001526374
183.3775382143479
184.37488592148702
185.3123927661978
186.19364920022593
187.02203024821236
187.8007084333196
186.19266592732043
186.0011059716812
176.2810396133803
177.70417723657746
179.0419266023828
180.29941100623984
181.48144634586544
182.5925595651135
183.63700599120668
184.61878563173426
185.5416584938302
186.4091589842004
187.22460944514836
187.99113287843946
188.71166490573307
189.38896501138908
190.02562711070573
190.62408948406338
189.62664411501956
185.80904546811837
183.18050274003127
184.18967257562937
185.1382922210916
185.7899946878261
186.64259500655652
187.44403930616312
188.19739694779332
187.2255531309257
187.99201994307015
188.71249874648592
178.34974882169675
168.90876389239492
166.6942380588512
159.21258377532013
161.65982874880092
163.96023902387284
157.42262468244047
159.97726720149404
162.3786311694044
164.63591329924012
166.7577585012857
168.75229299120855
170.62715541173603
166.44952608703187
164.50255452180994
166.63240125050135
168.63445717547125
170.51638974494298
172.28540636024638
173.9482819786316
175.5113850599137
176.98070195631885
178.36185983893972
179.66014824860332
180.8805393536871
182.02770699246588
183.1060445729179
184.11968189854284
185.07250098463027
185.42815092555244
186.3024618700193
187.12431415781813
187.89685530834905
188.6230439898481
189.3056613504572
189.94732166942975
190.55048236926396
191.1174534271081
191.6504062214816
192.1513818481927
192.62229893730114
193.06496100106307
193.48106334099927
193.8721995405393
194.23986756810692
194.5854755140205
193.65034698317925
194.03132616418847
194.38944659433716
194.72607979867692
195.0425150107563
