9.0
8.0
10.0
8.0
9.0
10.0
9.0
10.0
12.0
8.0
10.0
10.0
12.0
10.0
11.0
10.0
10.0
8.0
10.0
9.0
9.0
10.0
10.0
12.0
9.0
9.0
9.0
10.0
10.0
10.0
9.0
12.0
11.0
9.0
11.0
10.0
10.0
8.0
10.0
11.0
10.0
10.0
9.0
9.0
8.0
10.0
8.0
10.0
9.0
9.0
11.0
9.0
12.0
8.0
14.0
10.0
11.0
9.0
11.0
10.0
9.0
10.0
10.0
8.0
9.0
9.0
9.0
10.0
10.0
8.0
10.0
9.0
8.0
9.0
12.0
9.0
10.0
9.0
10.0
10.0
9.0
9.0
10.0
9.0
9.0
10.0
10.0
10.0
8.0
12.0
9.0
9.0
9.0
9.0
11.0
10.0
10.0
9.0
9.0
9.0
11.0
10.0
11.0
10.0
11.0
9.0
12.0
11.0
10.0
10.0
18.0
18.0
10.0
15.0
15.0
13.0
12.0
12.0
10.0
10.0
10.0
14.0
11.0
9.0
9.0
11.0
12.0
13.0
8.0
9.0
14.0
11.0
9.0
9.0
10.0
12.0
12.0
10.0
11.0
9.0
11.0
11.0
14.0
10.0
11.0
9.0
11.0
38.0
13.0
9.0
10.0
10.0
11.0
14.0
9.0
13.0
10.0
14.0
13.0
10.0
10.0
9.0
9.0
10.0
9.0
15.0
10.0
10.0
10.0
9.0
9.0
10.0
9.0
8.0
10.0
10.0
12.0
10.0
8.0
10.0
10.0
8.0
10.0
10.0
8.0
10.0
10.0
9.0
9.0
12.0
8.0
13.0
9.0
9.0
9.0
10.0
12.0
11.0
11.0
11.0
23.0
18.0
22.0
10.0
15.0
13.0
29.0
11.0
31.0
39.0
37.0
48.0
36.0
33.0
37.0
48.0
40.0
46.0
49.0
52.0
85.0
66.0
39.0
42.0
47.0
44.0
84.0
107.0
84.0
75.0
200.0
200.0
200.0
200.0
170.0
140.0
194.0
168.0
200.0
129.0
170.0
200.0
135.0
183.0
152.0
200.0
200.0
21.0
197.0
160.0
142.0
146.0
146.0
179.0
110.0
131.0
160.0
200.0
200.0
132.0
200.0
166.0
128.0
200.0
191.0
200.0
200.0
200.0
200.0
153.0
200.0
155.0
200.0
146.0
200.0
123.0
146.0
139.0
129.0
161.0
128.0
127.0
134.0
133.0
125.0
200.0
148.0
200.0
110.0
124.0
143.0
87.0
143.0
90.0
82.0
88.0
102.0
90.0
103.0
82.0
102.0
141.0
132.0
133.0
200.0
157.0
118.0
121.0
135.0
116.0
121.0
200.0
200.0
134.0
173.0
134.0
122.0
147.0
136.0
133.0
139.0
132.0
136.0
200.0
155.0
200.0
200.0
200.0
200.0
200.0
200.0
128.0
200.0
142.0
127.0
200.0
200.0
200.0
200.0
122.0
120.0
186.0
160.0
200.0
153.0
23.0
167.0
131.0
17.0
200.0
200.0
200.0
132.0
190.0
193.0
161.0
124.0
189.0
200.0
111.0
101.0
124.0
164.0
128.0
104.0
168.0
106.0
133.0
131.0
144.0
187.0
200.0
200.0
200.0
121.0
176.0
149.0
142.0
129.0
200.0
188.0
116.0
31.0
12.0
200.0
12.0
11.0
169.0
130.0
153.0
133.0
169.0
169.0
200.0
167.0
174.0
172.0
142.0
162.0
148.0
194.0
164.0
200.0
165.0
200.0
96.0
148.0
60.0
48.0
58.0
10.0
20.0
10.0
14.0
23.0
21.0
89.0
157.0
136.0
118.0
119.0
140.0
200.0
198.0
200.0
200.0
186.0
188.0
128.0
157.0
200.0
200.0
146.0
200.0
200.0
160.0
129.0
160.0
168.0
200.0
200.0
200.0
184.0
189.0
186.0
200.0
172.0
200.0
151.0
186.0
181.0
200.0
166.0
200.0
164.0
200.0
200.0
179.0
156.0
200.0
200.0
158.0
143.0
194.0
200.0
200.0
170.0
164.0
172.0
63.0
50.0
73.0
85.0
109.0
109.0
21.0
117.0
192.0
120.0
122.0
200.0
200.0
144.0
200.0
200.0
200.0
200.0
200.0
180.0
146.0
200.0
200.0
200.0
154.0
200.0
200.0
193.0
200.0
200.0
200.0
200.0
200.0
200.0
200.0
200.0
200.0
200.0
200.0
200.0
136.0
200.0
200.0
200.0
200.0
200.0
200.0
200.0
200.0
128.0
143.0
125.0
200.0
200.0
200.0
153.0
200.0
200.0
200.0
200.0
150.0
152.0
200.0
200.0
200.0
200.0
200.0
200.0
200.0
200.0
200.0
113.0
133.0
109.0
175.0
200.0
165.0
173.0
132.0
200.0
200.0
200.0
145.0
134.0
136.0
200.0
200.0
200.0
200.0
200.0
200.0
200.0
200.0
200.0
200.0
200.0
200.0
200.0
200.0
200.0
200.0
200.0
200.0
178.0
200.0
200.0
200.0
200.0
200.0
200.0
121.0
118.0
124.0
159.0
147.0
153.0
139.0
139.0
142.0
133.0
153.0
200.0
200.0
200.0
148.0
200.0
200.0
200.0
200.0
200.0
200.0
198.0
200.0
200.0
200.0
200.0
28.0
200.0
200.0
200.0
200.0
200.0
156.0
200.0
187.0
131.0
154.0
200.0
200.0
141.0
200.0
200.0
200.0
200.0
200.0
173.0
190.0
126.0
200.0
200.0
200.0
146.0
200.0
200.0
200.0
200.0
200.0
200.0
200.0
161.0
183.0
24.0
200.0
200.0
200.0
200.0
200.0
200.0
200.0
200.0
200.0
200.0
200.0
200.0
200.0
200.0
200.0
174.0
126.0
142.0
200.0
200.0
196.0
200.0
200.0
200.0
172.0
200.0
200.0
16.0
21.0
132.0
42.0
200.0
200.0
55.0
200.0
200.0
200.0
200.0
200.0
200.0
101.0
134.0
200.0
200.0
200.0
200.0
200.0
200.0
200.0
200.0
200.0
200.0
200.0
200.0
200.0
200.0
191.0
200.0
200.0
200.0
200.0
200.0
200.0
200.0
200.0
200.0
200.0
200.0
200.0
200.0
200.0
200.0
200.0
179.0
200.0
200.0
200.0
200.0
