-500.0
-500.0
-486.98
-477.9212
-462.385928
-456.60277231999993
-446.36660598079993
-435.18460962195195
-422.7535330446348
-413.7683210619567
-418.9422217982393
-423.80568849034495
-428.37734718092423
-432.67470635006873
-436.71422396906456
-440.51137053092066
-444.0806882990654
-447.43584700112143
-450.58969618105414
-453.55431441019084
-456.34105554557937
-458.9605922128446
-461.42295668007387
-463.7375792792694
-465.9133245225132
-467.9585250511624
-469.8810135480926
-471.68815273520704
-473.3868635710946
-474.98365175682886
-476.48463265141913
-477.895554692334
-479.2218214107939
-480.4685121261462
-481.6404013985774
-482.74197731466273
-483.77745867578295
-484.75081115523597
-485.6657624859218
-486.52581673676644
-487.3342677325604
-488.09421166860676
-488.80855896849033
-489.48004543038087
-490.111242704558
-490.7045681422845
-491.2622940537474
-491.7865564105225
-492.27936302589114
-492.74260124433766
-493.1780451696774
-493.5873624594967
-493.9721207119269
-494.33379346921123
-494.67376586105854
-494.993339909395
-495.29373951483126
-495.57611514394137
-495.84154823530486
-496.0910553411865
-496.3255920207153
-496.54605649947234
-496.753293109504
-496.9480955229337
-497.1312097915577
-497.3033372040642
-497.4651369718203
-497.61722875351103
-497.76019502830036
-497.8945833266023
-498.0209083270061
-498.1396538273857
-498.2512745977425
-498.3561981218779
-498.45482623456525
-498.5475366604913
-498.63468446086176
-498.71660339321005
-498.79360718961743
-498.86599075824034
-498.9340313127459
-498.9979894339811
-499.0581100679422
-499.11462346386566
-499.1677460560337
-499.21768129267167
-499.2646204151113
-499.3087431902046
-499.3502185987923
-499.3892054828647
-499.42585315389283
-499.4603019646592
-499.49268384677964
-499.52312281597284
-499.55173544701444
-499.57863132019355
-499.6039134409819
-499.62767863452297
-499.6500179164516
-499.67101684146445
-499.69075583097657
-499.70931048111794
-499.72675185225086
-499.74314674111577
-499.7585579366488
-499.77304446044985
-499.7866617928228
-499.7994620852534
-499.81149436013817
-499.82280469852986
-499.83343641661804
-499.8434302316209
-499.85282441772364
-499.8616549526602
-499.8699556555006
-499.8777583161705
-499.88509281720025
-499.8919872481682
-499.8984680132781
-499.9045599324814
-499.91028633653247
-499.91566915634047
-499.92072900696
-499.9254852665424
-499.92995615054986
-499.9341587815168
-499.9381092546258
