10.0
9.999999999999998
9.879999999999999
9.887199999999998
9.893967999999997
9.840329919999999
9.849910124799997
9.738915517311998
9.694580586273279
9.712905751096882
9.670131406031068
9.629923521669202
9.59212811036905
9.556600423746907
9.583204398322092
9.548212134422766
9.5153194063574
9.544400241975953
9.571736227457395
9.59743205380995
9.621586130581353
9.584290962746472
9.549233504981682
9.456279494682782
9.488902725001815
9.459568561501705
9.491994447811601
9.462474780942905
9.49472629408633
9.46504271644115
9.49714015345468
9.4673117442474
9.499273039592556
9.529316657217
9.43755765778398
9.411304198316941
9.386625946417926
9.42342838963285
9.39802268625488
9.434141325079587
9.40809284557481
9.383607274840323
9.420590838349902
9.455355388048908
9.488034064765973
9.458752020880013
9.491226899627211
9.581753285649578
9.606848088510603
9.630437203199966
9.592610971007968
9.61705431274749
9.70003105398264
9.71802919074368
9.674947439299057
9.574450592941114
9.599983557364647
9.623984543922766
9.6465454712874
9.607752743010156
9.631287578429546
9.593410323723774
9.557805704300346
9.584337362042325
9.609277120319785
9.692720493100598
9.711157263514561
9.608487827703687
9.571978558041465
9.597659844558976
9.561800253885437
9.52809223865231
9.55640670433317
9.64302230207318
9.60444096394879
9.688174506111862
9.70688403574515
9.72447099360044
9.681002733984414
9.76014256994535
9.774534015748628
9.78806197480371
9.680778256315488
9.759931560936558
9.774335667280363
9.72787552724354
9.684202995608928
9.643150815872392
9.664561766920048
9.624688060904845
9.647206777250553
9.668374370615519
9.688271908378587
9.706975593875871
9.724557058243319
9.68108363474872
9.640218616663798
9.601805499663971
9.625697169684132
9.588155339503082
9.492866019132897
9.463294057984925
9.435496414505828
9.469366629635477
9.501204631857348
9.471132353945908
9.442864412709152
9.356292547946603
9.334914995069806
9.314820095365615
9.235930889643678
9.221775036265058
9.208468534089153
9.135960422043803
9.127802796721173
9.120134628917903
9.172926551182828
9.222550958111857
9.209197900625146
9.256646026587637
9.241247264992378
9.166772429092836
9.216766083347265
9.263760118346427
9.367934511245641
9.345858440570904
9.26510693413665
9.309200518088451
9.350648487003143
9.509609577782955
9.479033003115976
9.450291022929019
9.483273561553277
9.51427714786008
9.603420518988475
9.627215287849166
9.589582370578217
9.554207428343524
9.580954982642911
9.606097683684336
9.629731822663276
9.591947913303478
9.49643103850527
9.526645176194952
9.435046465623255
9.468943677685859
9.560807057024707
9.587158633603224
9.49192911558703
9.46241336865181
9.4946685665327
9.524988452540738
9.553489145388292
9.520279796664994
9.489063008865095
9.459719228333189
9.492136074633196
9.462607910155203
9.49485143554589
9.525160349413136
9.553650728448348
9.520431684741446
9.48920578365696
9.519853436637542
9.488662230439289
9.45934249661293
9.551781946816154
9.578675030007185
9.603954528206753
9.567717256514346
9.473654221123486
9.505234967856076
9.474920869784711
9.44642561759763
9.47964008054177
9.510861675709263
9.540209975166706
9.567797376656703
9.4737295340573
9.505305762013862
9.53498741629303
9.442888171315447
9.41631488103652
9.39133598817433
9.30785582888387
9.349384479150837
9.328421410401788
9.368716125777679
9.346593158231016
9.385797568737154
9.302649714612924
9.344490731736148
9.32382128783198
9.244392010562061
9.169728489928337
9.099544780532637
9.09357209370068
9.087957768078638
9.02268030199392
9.081319483874285
9.316440314841827
9.357453895951316
9.396006662194237
9.432246262462582
9.406311486714827
9.441932797511937
9.535416829661221
9.623291819881548
9.645894310688654
9.667140652047333
9.747112212924494
9.822285480149024
9.712948351340081
9.670171450259677
9.629961163244097
9.65216349344945
9.853033683842481
9.861851662811931
9.870140563043215
9.817932129260623
9.768856201504985
9.902724829414685
9.788561339649805
9.741247659270815
9.816772799714567
9.767766431731694
9.661700445827792
9.681998419078123
9.701078513933435
9.899013803097429
9.84507297491158
9.854368596416885
9.743106480631871
9.69852009179396
9.836608886286323
9.846412353109143
9.915627611922593
9.980689955207238
9.921848557894801
9.926537644421112
9.870945385755846
9.878688662610495
9.825967342853865
9.836409302282632
9.786224744145674
9.919051259496934
9.923908183927116
9.988473692891489
9.869165271318
9.87701535503892
9.884394433736583
9.831330767712387
9.781450921649643
9.794563866350664
9.806890034369623
9.818476632307444
9.769368034368998
9.72320595230686
9.739813595168448
9.81542477945834
9.766499292690838
9.780509335129388
9.733678775021623
9.809658048520326
9.821078565609106
9.71181385167256
9.729105020572206
9.745358719337872
9.7606371961776
9.714998964406941
9.732099026542524
9.808173084949972
9.759682699852974
9.834101737861795
9.724055633590087
9.740612295574682
9.9361755578402
10.000005024369788
10.0000047229076
10.060004439533143
10.056404173161154
10.053019922771483
9.989838727405193
10.05044840376088
10.107421499535226
10.100976209563111
10.094917636989324
10.089222578769963
10.023869224043764
10.082437070601138
10.017490846365067
9.956441395583163
10.019054911848173
9.957911617137281
9.840436920109044
9.7900107049025
9.802610062608348
9.814453458851846
9.825586251320734
9.89605107624149
10.082288011666998
10.137350730966977
10.06910968710896
10.06496310588242
10.061065319529474
9.997401400357706
9.937557316336243
9.821303877356067
9.832025644714703
9.78210410603182
9.73517785966991
9.751067188089715
9.706003156804332
9.783642967396071
9.796624389352306
9.808826925991168
9.880297310431697
10.007479471805794
10.007030703497446
9.946608861287597
9.829812329610341
9.90002358983372
9.906022174443697
9.971660843977075
9.97336119333845
9.974959521738143
9.916461950433852
10.161474233407821
10.211785779403352
10.19907863263915
10.1871339146808
10.11590587979995
10.168951527011952
10.158814435391234
10.149285569267759
10.200328435111693
10.128308729004992
10.120610205264692
10.11337359294881
10.10657117737188
10.040176906729567
10.097766292325792
10.091900314786244
10.02638629589907
10.024803118145124
10.143314931056416
10.074716035193031
10.130233073081449
10.242419088696563
10.347873943374768
10.267001506772282
10.250981416365944
10.355922531383987
10.394567179500948
10.43089314873089
10.405039559807035
10.440737186218612
10.534292955045496
10.622235377742767
10.5849012550782
10.609807179773508
10.813218748987097
10.94442562404787
10.887760086604997
10.774494481408695
10.788024812524172
10.68074332377272
10.699898724346356
10.717904800885574
10.794830512832439
10.867140682062493
10.815112241138742
10.886205506670418
11.073033176270192
11.06865118569398
11.06453211455234
11.1806601876792
11.169820576418447
11.33963134183334
11.61925346132334
11.642098253643939
11.843572358425302
11.732958016919783
11.808980535904595
12.000441703750319
12.1804152015253
12.28959028943378
12.512214872067752
12.421481979743685
12.516193060959063
12.485221477301518
12.636108188663426
12.597941697343622
12.862065195503003
12.930341283772822
13.114520806746452
13.407649558341664
13.623190584841163
13.885799149750692
13.83265120076565
13.96269212871971
14.024930600996527
14.263434764936735
14.54762867904053
14.754770958298097
15.189484700800211
16.6181156187522
17.901028681627068
18.986966960729443
23.787748943085674
22.90048400650053
22.066454966110495
21.282467668143862
20.66551960805523
19.965588431571916
19.3076531256776
18.749193938136944
18.10424230184873
17.497987763737804
16.988108497913533
16.56882198803872
16.234692668756395
15.86061110863101
15.508974442113148
15.178435975586359
14.807729817051175
14.579266028028105
14.244510066346418
13.929839462365631
13.634049094623691
13.416006148946268
13.21104578000949
12.89838303320892
12.664480051216383
12.6246112481434
12.407134573254798
12.20270649885951
12.070544108927939
11.88631146239226
11.713132774648724
11.610344808169799
11.45372411967961
11.426500672498833
11.340910632148901
11.200455994219965
11.128428634566767
11.06072291649276
10.937079541503191
10.820854769013
10.77160348287222
10.665307273899884
10.68538883746589
10.524265507217937
10.37280957678486
10.290441002177769
10.213014542047102
10.260233669524276
10.244619649352819
10.16994247039165
10.15974592216815
10.090161166838062
10.084751496827778
10.01966640701811
10.138486422597024
10.130177237241202
10.00236660300673
9.942224606826326
9.945691130416746
9.888949662591742
9.775612682836238
9.789075921866063
9.861731366554098
9.87002748456085
9.9978258354872
9.997956285357967
9.938078908236488
10.181794173742297
10.11088652331776
10.044233331918694
10.101579332003572
9.975484572083358
9.976955497758356
9.978338167892854
9.979637877819282
9.920859605150124
9.925608028841115
9.930071547110646
9.874267254284007
9.821811219026966
9.712502545885348
9.729752393132227
9.745967249544293
9.701209214571634
9.659136661697335
9.679588461995495
9.578813154275766
9.66408436501922
9.564239303118066
9.470384944930982
9.502161848235122
9.532032137341014
9.500110209100551
9.530103596554518
9.558297380761246
9.58479953791557
9.609711565640636
9.753128871702197
9.707941139400063
9.605464671036058
9.569136790773893
9.534988583327458
9.56288926832781
9.52911591222814
9.497368957494452
9.527526820044784
9.435875210842097
9.46972269819157
9.501539336300075
9.53144697612207
9.559560157554744
9.585986548101458
9.67082735521537
9.630577713902447
9.5927430510683
9.557178468004203
9.58374775992395
9.668722894328512
9.6885995206688
9.707283549428672
9.66484653646295
9.684955744275172
9.70385839961866
9.72162689564154
9.678329281903046
9.637629524988863
9.65937175348953
9.619809448280158
9.522620881383348
9.551263628500347
9.638187810790326
9.659896542142905
9.680302749614329
9.699484584637469
9.71751550955922
9.614464578985666
9.517596704246527
9.486540901991734
9.457348447872231
9.369907540999897
9.347713088539901
9.326850303227506
9.307239285033855
9.468804927931824
9.500676632255914
9.47063603432056
9.502397872261325
9.532253999925643
9.560318759930103
9.526699634334296
9.435097656274237
9.408991796897784
9.444452289083916
9.47778515173888
9.509118042634546
9.598570960076472
9.622656702471883
9.765297300323569
9.719379462304154
9.676216694565905
9.815643692891951
9.826705071318434
9.777102767039327
9.670476601016968
9.630248004955948
9.652433124658591
9.673287137179075
9.75288990894833
9.64771651441143
9.848853523546742
9.857922312133937
9.9264469734059
9.990860155001545
9.931408545701451
9.815524032959365
9.706592590981803
9.664197035522893
9.80434521339152
9.876084500588028
9.883519430552745
9.89050826471958
9.957077768836404
9.83965310270622
9.909273916543848
9.974717481551217
9.976234432658142
9.977660366698652
10.099000744696733
10.213060700014928
10.260277058014033
10.184660434533189
10.233580808461197
10.279565959953525
10.202792002356311
10.250624482214931
10.175587013282033
10.225051792485111
10.211548684936004
10.378855763839843
10.53612441800945
10.623956952928884
10.526519535753149
10.49492836360796
10.46523266179148
10.61731870208399
10.94027957995895
11.003862805161413
11.123631036851727
11.176213174640623
11.105640384162184
11.099301961112452
11.093343843445705
11.327743212838962
11.488078620068624
11.518793902864507
11.547666268692637
11.454806292571078
11.367517915016812
11.525466840115802
11.793938829708853
11.806302499926323
12.117924349930743
12.230848888934897
12.456997955598801
12.669578078262873
12.9294033935671
12.873639189953073
12.881220838555887
13.308347588242532
13.64984673294798
13.790855928971101
14.103404573232835
14.277200298838864
14.260568280908531
14.54493418405402
14.512238133010777
14.54150384503013
14.86901361432832
15.056872797468621
15.653460429620504
15.914252803843272
16.039397635612673
16.09703377747591
16.631211750827354
17.013339045777712
17.372538703031047
17.410186380849183
17.32557519799823
17.666040686118333
18.16607824495123
18.396113550254157
19.092346737238906
19.686805933004567
19.945597577024294
19.708861722402837
19.546330019058665
19.393550217915145
19.909937204840237
19.855340972549822
19.68402051419683
19.58297928334502
20.208000526344318
20.375520494763656
21.492989265077835
22.003409909173165
22.663205314622775
22.623412995745408
23.42600821600068
24.36044772304064
24.158820859658203
24.089291608078707
24.68393411159398
24.522898064898342
25.151524181004444
25.562432730144174
25.88868676633552
28.175365560355388
29.124843626734062
29.237353009130015
30.003111828582213
30.542925118867277
31.23034961173524
31.996528635031122
32.296736916929255
32.3989327019135
32.25499673979869
32.299696935410765
31.981715119286118
32.88281221212895
34.26984347940121
35.213652870637134
34.8408336983989
35.27038367649497
36.81416065590527
38.56531101655095
40.63139235555789
40.95350881422441
41.436298285370945
41.89012038824868
41.17671316495375
42.666110375056526
42.08614375255313
41.840975127399936
41.49051661975594
41.581085622570576
42.26622048521634
42.13024725610335
42.122432420737155
43.43508647549292
44.00898128696335
43.28844240974555
44.11113586516082
44.82446771325117
45.1949996504561
45.12329967142873
45.65590169114301
47.53654758967442
47.62435473429395
46.80689345023631
47.05847984322213
46.6949710526288
46.53327278947107
46.5612764221028
46.40759983677663
46.38314384657003
46.06015521577582
45.69654590282927
45.35475314865951
46.59346795973994
46.73785988215554
45.913588289226205
46.09877299187263
46.09284661236027
45.54727581561865
44.73443926668153
45.230372910680636
45.09655053603979
45.3907575038774
46.44731205364476
47.02047333042607
46.5392449306005
48.126890234764474
47.2192768206786
47.32612021143788
47.18655299875161
47.71535981882651
47.19243822969692
49.4608919359151
48.11323841976019
48.22644411457457
47.792857467700095
46.66528601963809
46.385368858459806
45.642246726952216
44.94371192333508
43.92708920793497
43.51146385545887
42.94077602413134
42.46432946268346
42.37646969492245
41.3938815132271
41.13024862243347
41.36243370508746
41.46068768278221
40.77304642181527
40.30666363650635
40.82826381831597
40.65856798921701
39.95905390986399
41.461510675272145
41.07382003475581
41.309390832670466
42.67082738271024
42.330577739747625
42.01074307536276
41.95009849084099
41.83309258139053
41.6031070265071
42.286920604916666
42.989705368621664
42.390323046504356
42.846903663714095
42.376089443891246
42.65352407725777
43.814312632622304
44.005453874664965
43.945126642185066
43.34841904365396
44.04751390103472
43.62466306697263
44.847183282954276
44.796352285977015
44.68857114881839
44.467256879889284
43.839221467095925
43.428868179070165
42.68313608832595
43.12214792302639
42.7548190476448
42.529529904786116
41.89775811049895
41.90389262386901
41.42965906643687
42.66387952245066
43.224046751103614
43.3306039460374
43.130767709275155
42.10292164671865
42.276746347915534
42.2001415670406
42.30813307301816
41.74964508863707
41.164666383318846
41.03478640031972
40.73269921630053
40.8087372633225
41.000213027523145
40.700200245871756
41.79818823111945
41.87029693725228
42.11807912101714
42.17099437375611
42.40073471133074
42.316690628650896
42.05768919093184
41.87422783947592
41.22177416910736
41.508467718960915
41.657959655823255
42.15848207647386
42.92897315188542
42.33323476277229
42.85324067700596
42.142046236385596
41.71352346220246
41.3707120544703
42.18846933120208
41.577161171329955
42.02253150105015
42.86117961098714
42.68950883432791
43.728138304268235
44.52445000601214
44.37298300565141
44.29060402531233
44.45316778379358
44.485977716765966
44.756819053760005
44.1114099105344
43.684725315902334
42.98364179694819
42.924623289131304
43.70914589178342
43.90659713827642
44.87220130997983
44.999869231381034
44.75987707749817
44.23428445284827
44.88022738567737
45.367413742536726
45.34536891798452
45.68464678290545
45.943567975931124
46.48695389737525
46.87773666353274
46.88507246372077
47.371968115897516
47.589650028943666
47.13427102720704
47.246214765574614
48.55144187964014
49.71835536686172
51.355254044850014
51.87393880215901
51.46150247402947
51.3738123255877
53.93138358605243
53.75550057088929
54.61017053663593
54.33356030443777
56.293546686171496
57.655933885001204
58.03657785190113
58.15438318078706
57.60512018993983
58.22881297854344
58.81508419983083
58.466179147840975
59.21820839897051
59.38511589503228
60.082008941330336
62.897088404850514
62.483263100559476
62.5142673145259
62.84341127565434
64.29280659911508
64.93523820316818
66.25912391097809
69.00357647631941
68.82336188774023
69.85396017447582
70.58272256400727
69.88775921016683
69.71449365755682
70.3916240381034
71.9281265958172
72.89243900006817
72.05889266006407
74.93535910046023
75.41923755443261
78.63408330116664
79.49603830309664
79.46627600491084
79.67829944461619
81.37760147793921
83.69494538926286
83.77324866590708
82.82685374595265
82.1172425211955
82.17020796992377
81.55999549172833
84.04639576222462
91.00361201649113
92.26339529550165
98.72759157777155
98.26393608310525
100.28809991811893
98.7108139230318
97.04816508764989
95.18527518239088
96.13415867144742
95.58610915116057
101.85094260209092
100.05988604596547
99.15629288320753
97.70691531021507
97.66450039160215
97.92463036810602
96.54915254601966
99.33620339325847
99.73603118966295
98.97186931828317
98.49355715918617
97.38394372963499
97.12090710585689
96.57365267950547
96.23923351873513
94.72487950761102
100.56138673715435
103.94770353292509
109.71084132094958
109.1281908416926
109.24049939119104
106.58606942771958
106.4309052620564
106.46505094633301
106.31714788955301
104.97811901617983
103.83943187520903
103.06906596269647
104.44492200493468
103.4582266846386
102.59073308356028
101.29528909854666
103.55757175263386
103.28411744747582
105.90707040062728
108.79264617658963
109.34508740599425
113.94438216163458
113.9477192319365
119.1108560780203
119.04420471333908
119.40155243053873
120.8174592847064
120.168411727624
122.79830702396656
127.43040860252856
131.78458408637684
135.87750904119423
138.70485849872256
142.3825669887992
145.83961296947123
145.72923619130296
148.9854820198248
149.76635309863528
152.78037191271716
155.61354959795412
158.27673662207687
160.78013242475225
163.13332447926712
163.54532501051108
164.7126055098804
166.82984917928758
168.8200582285303
170.6908547348185
172.44940345072936
174.10243924368558
175.65629288906445
177.11691531572058
178.48990039677733
179.00050637297068
179.9004759905924
179.48644743115685
179.93726058528742
181.14102495017016
182.27256345315993
183.3362096459703
184.3360370672121
185.03587484317936
185.93372235258857
186.77769901143324
187.57103707074722
188.31677484650237
189.0177683557122
189.67670225436947
190.2961001191073
190.39833411196088
190.5544340652432
190.8211680213286
191.01189794004884
191.1911840636459
191.53971301982713
190.8473302386375
191.39649042431924
191.73270099886008
192.10873893892847
192.04221460259276
192.3396817264372
192.13930082285094
191.23094277347988
190.91708620707107
189.60206103464677
188.42593737256794
187.98038113021386
186.961558262401
187.50386476665693
188.2536328806575
188.71841490781804
188.85531001334897
189.523991412548
190.15255192779512
190.2033988121274
190.67119488339975
188.53092319039575
189.219067798972
189.86592373103366
190.47396830717162
191.0455302087413
191.58279839621682
192.0878304924438
192.56256066289717
193.00880702312332
193.4282786017359
193.82258188563173
194.19322697249382
194.54163335414418
194.8691353528955
195.17698723172177
