10.0
10.0
8.0
10.0
10.0
9.0
10.0
8.0
9.0
10.0
9.0
9.0
9.0
9.0
10.0
9.0
9.0
10.0
10.0
10.0
10.0
9.0
9.0
8.0
10.0
9.0
10.0
9.0
10.0
9.0
10.0
9.0
10.0
10.0
8.0
9.0
9.0
10.0
9.0
10.0
9.0
9.0
10.0
10.0
10.0
9.0
10.0
11.0
10.0
10.0
9.0
10.0
11.0
10.0
9.0
8.0
10.0
10.0
10.0
9.0
10.0
9.0
9.0
10.0
10.0
11.0
10.0
8.0
9.0
10.0
9.0
9.0
10.0
11.0
9.0
11.0
10.0
10.0
9.0
11.0
10.0
10.0
8.0
11.0
10.0
9.0
9.0
9.0
10.0
9.0
10.0
10.0
10.0
10.0
10.0
9.0
9.0
9.0
10.0
9.0
8.0
9.0
9.0
10.0
10.0
9.0
9.0
8.0
9.0
9.0
8.0
9.0
9.0
8.0
9.0
9.0
10.0
10.0
9.0
10.0
9.0
8.0
10.0
10.0
11.0
9.0
8.0
10.0
10.0
12.0
9.0
9.0
10.0
10.0
11.0
10.0
9.0
9.0
10.0
10.0
10.0
9.0
8.0
10.0
8.0
10.0
11.0
10.0
8.0
9.0
10.0
10.0
10.0
9.0
9.0
9.0
10.0
9.0
10.0
10.0
10.0
9.0
9.0
10.0
9.0
9.0
11.0
10.0
10.0
9.0
8.0
10.0
9.0
9.0
10.0
10.0
10.0
10.0
8.0
10.0
10.0
8.0
9.0
9.0
8.0
10.0
9.0
10.0
9.0
10.0
8.0
10.0
9.0
8.0
8.0
8.0
9.0
9.0
8.0
10.0
13.0
10.0
10.0
10.0
9.0
10.0
11.0
11.0
10.0
10.0
11.0
11.0
8.0
9.0
9.0
10.0
13.0
10.0
10.0
9.0
9.0
12.0
8.0
9.0
11.0
9.0
8.0
10.0
10.0
13.0
9.0
10.0
8.0
9.0
12.0
10.0
11.0
11.0
9.0
10.0
9.0
10.0
9.0
10.0
9.0
12.0
10.0
11.0
8.0
10.0
10.0
9.0
9.0
10.0
10.0
10.0
9.0
9.0
10.0
11.0
9.0
10.0
9.0
11.0
10.0
8.0
10.0
10.0
10.0
9.0
10.0
11.0
9.0
11.0
8.0
10.0
13.0
11.0
10.0
11.0
10.0
10.0
9.0
11.0
11.0
10.0
10.0
10.0
9.0
11.0
9.0
9.0
11.0
9.0
8.0
9.0
10.0
10.0
10.0
11.0
13.0
11.0
9.0
10.0
10.0
9.0
9.0
8.0
10.0
9.0
9.0
10.0
9.0
11.0
10.0
10.0
11.0
12.0
10.0
9.0
8.0
11.0
10.0
11.0
10.0
10.0
9.0
14.0
11.0
10.0
10.0
9.0
11.0
10.0
10.0
11.0
9.0
10.0
10.0
10.0
9.0
11.0
10.0
9.0
10.0
12.0
9.0
11.0
12.0
12.0
9.0
10.0
12.0
11.0
11.0
10.0
11.0
12.0
12.0
10.0
11.0
14.0
13.0
10.0
9.0
11.0
9.0
11.0
11.0
12.0
12.0
10.0
12.0
14.0
11.0
11.0
13.0
11.0
14.0
16.0
12.0
15.0
10.0
13.0
15.0
15.0
14.0
16.0
11.0
14.0
12.0
15.0
12.0
17.0
14.0
16.0
18.0
17.0
18.0
13.0
16.0
15.0
18.0
19.0
18.0
22.0
39.0
38.0
36.0
99.0
9.0
9.0
9.0
11.0
9.0
9.0
10.0
8.0
8.0
9.0
10.0
11.0
10.0
10.0
10.0
9.0
11.0
9.0
9.0
9.0
10.0
10.0
8.0
9.0
12.0
9.0
9.0
10.0
9.0
9.0
10.0
9.0
11.0
10.0
9.0
10.0
10.0
9.0
9.0
10.0
9.0
11.0
8.0
8.0
9.0
9.0
11.0
10.0
9.0
10.0
9.0
10.0
9.0
12.0
10.0
8.0
9.0
10.0
9.0
8.0
10.0
11.0
10.0
12.0
10.0
9.0
14.0
9.0
9.0
11.0
8.0
10.0
10.0
10.0
9.0
10.0
10.0
9.0
9.0
8.0
10.0
10.0
9.0
9.0
10.0
8.0
11.0
8.0
8.0
10.0
10.0
9.0
10.0
10.0
10.0
10.0
12.0
9.0
8.0
9.0
9.0
10.0
9.0
9.0
10.0
8.0
10.0
10.0
10.0
10.0
10.0
11.0
9.0
9.0
9.0
10.0
11.0
10.0
10.0
9.0
10.0
10.0
10.0
9.0
9.0
10.0
9.0
8.0
10.0
11.0
10.0
10.0
10.0
10.0
8.0
8.0
9.0
9.0
8.0
9.0
9.0
9.0
12.0
10.0
9.0
10.0
10.0
10.0
9.0
8.0
9.0
10.0
10.0
10.0
11.0
10.0
12.0
9.0
9.0
12.0
10.0
9.0
8.0
9.0
10.0
10.0
11.0
8.0
13.0
10.0
11.0
11.0
9.0
8.0
8.0
9.0
12.0
11.0
10.0
10.0
11.0
8.0
11.0
11.0
10.0
10.0
12.0
12.0
11.0
9.0
11.0
11.0
9.0
11.0
9.0
11.0
10.0
13.0
13.0
12.0
9.0
10.0
10.0
13.0
16.0
12.0
13.0
12.0
10.0
11.0
11.0
15.0
14.0
12.0
12.0
10.0
10.0
14.0
16.0
12.0
17.0
14.0
16.0
16.0
17.0
12.0
13.0
20.0
19.0
16.0
19.0
17.0
14.0
19.0
14.0
15.0
20.0
18.0
25.0
20.0
18.0
17.0
25.0
23.0
23.0
18.0
16.0
23.0
26.0
22.0
30.0
29.0
24.0
16.0
17.0
17.0
28.0
19.0
17.0
18.0
30.0
23.0
39.0
30.0
33.0
22.0
36.0
39.0
21.0
23.0
34.0
22.0
35.0
32.0
31.0
64.0
44.0
31.0
42.0
39.0
42.0
44.0
37.0
34.0
30.0
33.0
27.0
47.0
56.0
50.0
29.0
42.0
61.0
66.0
73.0
46.0
49.0
49.0
30.0
66.0
33.0
38.0
36.0
43.0
53.0
40.0
42.0
64.0
53.0
32.0
57.0
56.0
51.0
44.0
54.0
77.0
49.0
34.0
51.0
41.0
44.0
47.0
44.0
46.0
41.0
40.0
40.0
66.0
49.0
33.0
49.0
46.0
37.0
32.0
53.0
43.0
50.0
63.0
56.0
39.0
73.0
33.0
49.0
45.0
56.0
39.0
85.0
27.0
50.0
41.0
29.0
42.0
34.0
34.0
28.0
37.0
34.0
35.0
41.0
26.0
37.0
45.0
43.0
30.0
33.0
49.0
38.0
29.0
65.0
35.0
45.0
64.0
37.0
37.0
41.0
40.0
38.0
53.0
54.0
33.0
50.0
35.0
47.0
62.0
47.0
43.0
34.0
55.0
37.0
64.0
44.0
43.0
41.0
34.0
37.0
31.0
50.0
37.0
39.0
32.0
42.0
34.0
62.0
52.0
45.0
40.0
26.0
45.0
41.0
44.0
33.0
32.0
39.0
36.0
42.0
44.0
36.0
59.0
43.0
46.0
43.0
46.0
41.0
38.0
39.0
31.0
46.0
44.0
50.0
55.0
33.0
51.0
31.0
35.0
36.0
55.0
32.0
49.0
56.0
40.0
60.0
57.0
42.0
43.0
47.0
45.0
49.0
34.0
37.0
32.0
42.0
56.0
47.0
60.0
47.0
41.0
36.0
55.0
53.0
45.0
51.0
50.0
55.0
53.0
47.0
55.0
51.0
40.0
49.0
69.0
68.0
77.0
60.0
45.0
50.0
94.0
51.0
68.0
50.0
87.0
79.0
64.0
60.0
49.0
68.0
68.0
53.0
71.0
62.0
71.0
107.0
56.0
63.0
68.0
87.0
75.0
87.0
112.0
66.0
86.0
82.0
59.0
67.0
81.0
96.0
88.0
59.0
120.0
83.0
129.0
93.0
79.0
83.0
108.0
120.0
85.0
68.0
71.0
83.0
72.0
123.0
200.0
112.0
200.0
91.0
132.0
74.0
71.0
66.0
111.0
87.0
200.0
72.0
85.0
75.0
97.0
102.0
75.0
143.0
106.0
87.0
91.0
80.0
93.0
88.0
91.0
71.0
192.0
157.0
200.0
100.0
111.0
65.0
104.0
107.0
104.0
84.0
86.0
91.0
126.0
88.0
89.0
81.0
139.0
99.0
147.0
154.0
118.0
186.0
114.0
200.0
118.0
125.0
143.0
110.0
164.0
200.0
200.0
200.0
183.0
200.0
200.0
144.0
200.0
162.0
200.0
200.0
200.0
200.0
200.0
170.0
183.0
200.0
200.0
200.0
200.0
200.0
200.0
200.0
200.0
187.0
194.0
173.0
187.0
200.0
200.0
200.0
200.0
196.0
200.0
200.0
200.0
200.0
200.0
200.0
200.0
192.0
193.0
195.0
194.0
194.0
197.0
180.0
200.0
197.0
198.0
191.0
197.0
189.0
177.0
186.0
169.0
170.0
181.0
171.0
196.0
200.0
196.0
191.0
200.0
200.0
191.0
198.0
155.0
200.0
200.0
200.0
200.0
200.0
200.0
200.0
200.0
200.0
200.0
200.0
200.0
200.0
200.0
